created: 20260625110956922
modified: 20260625110956922
page: 000
parent_section: 2110.13883_H1
tags: paragraph 2110.13883
title: 2110.13883_PARA_0007
type: text/vnd.tiddlywiki

Given two multidimensional continuous random variables {{2110.13883_FO0001||FO}} and {{2110.13883_FO0002||FO}}, mutual information