caption: [-1,1]
created: 20260626111149172
displayMode: false
latex: [-1,1]
latex_original: [-1,1]
modified: 20260626111149172
tags: formula 2110.11150
title: 2110.11150_FO0112
type: text/markdown