caption: 2L
created: 20260626111149171
displayMode: false
latex: 2L
latex_original: 2L
modified: 20260626111149171
tags: formula 2110.11150
title: 2110.11150_FO0064
type: text/markdown