caption: 0.9
created: 20260626111149172
displayMode: false
latex: 0.9
latex_original: 0.9
modified: 20260626111149172
tags: formula 2110.11150
title: 2110.11150_FO0118
type: text/markdown