caption: 2l-1
created: 20260625151931664
displayMode: false
latex: 2l-1
latex_original: 2l-1
modified: 20260625151931664
tags: formula 2110.11150
title: 2110.11150_FO0424
type: text/vnd.tiddlywiki

<$latex text={{!!latex}} displayMode={{!!displayMode}} />