caption: 10
created: 20260626094813421
displayMode: false
latex: 10
latex_original: 10
modified: 20260626094813421
tags: formula 2110.11150
title: 2110.11150_FO0175
type: text/vnd.tiddlywiki

<$latex text={{!!latex}} displayMode={{!!displayMode}} />