created: 20260625110956922
modified: 20260625110956922
page: 000
parent_section: 2110.13883_H17
tags: paragraph 2110.13883
title: 2110.13883_PARA_0087
type: text/vnd.tiddlywiki

For the Helix data, we generate a radius as {{2110.13883_FO0358||FO}}, which we then embed as a spiral in a three-dimensional space. Accordingly, we generate the {{2110.13883_FO0359||FO}} dimensions as