created: 20260625110956922
modified: 20260625110956922
page: 000
parent_section: 2110.13883_H15
tags: paragraph 2110.13883
title: 2110.13883_PARA_0077
type: text/vnd.tiddlywiki

AM is supported by the ETH AI Center. JF is supported by the International Max Planck Research School for Computer Science (IMPRS-CS).