created: 20260625110956922
modified: 20260625110956922
page: 000
parent_section: 2110.13883_H10
tags: paragraph 2110.13883
title: 2110.13883_PARA_0065
type: text/vnd.tiddlywiki

We first evaluate the performance for estimating the MI between two variables generated from simple distributions, uniform and Gaussian.