caption: 2
created: 20260625151931664
displayMode: false
latex: 2
latex_original: 2
modified: 20260625151931664
tags: formula 2110.11150
title: 2110.11150_FO0417
type: text/vnd.tiddlywiki

<$latex text={{!!latex}} displayMode={{!!displayMode}} />