caption: 0.9
created: 20260625110956924
displayMode: false
latex: 0.9
latex_original: 0.9
modified: 20260625110956924
tags: formula 2110.13883
title: 2110.13883_FO0334
type: text/vnd.tiddlywiki

<$latex text={{!!latex}} displayMode={{!!displayMode}} />