caption: 4
created: 20260626094813422
displayMode: false
latex: 4
latex_original: 4
modified: 20260626094813422
tags: formula 2110.11150
title: 2110.11150_FO0273
type: text/vnd.tiddlywiki

<$latex text={{!!latex}} displayMode={{!!displayMode}} />