caption: 50
created: 20260626111149172
displayMode: false
latex: 50
latex_original: 50
modified: 20260626111149172
tags: formula 2110.11150
title: 2110.11150_FO0160
type: text/markdown