caption: 2L
created: 20260625151931664
displayMode: false
latex: 2L
latex_original: 2L
modified: 20260625151931664
tags: formula 2110.11150
title: 2110.11150_FO0367
type: text/vnd.tiddlywiki

<$latex text={{!!latex}} displayMode={{!!displayMode}} />