caption: 100
created: 20260626094813421
displayMode: false
latex: 100
latex_original: 100
modified: 20260626094813421
tags: formula 2110.11150
title: 2110.11150_FO0168
type: text/vnd.tiddlywiki

<$latex text={{!!latex}} displayMode={{!!displayMode}} />