caption: [-1,1]^{n_0}
created: 20260626111149171
displayMode: false
latex: [-1,1]^{n_0}
latex_original: [-1,1]^{n_0}
modified: 20260626111149171
tags: formula 2110.11150
title: 2110.11150_FO0079
type: text/markdown