created: 20260625110956922
modified: 20260625110956922
page: 000
parent_section: 2110.13883_H17
tags: paragraph 2110.13883
title: 2110.13883_PARA_0093
type: text/vnd.tiddlywiki

where {{2110.13883_FO0373||FO}}, and we use a radius of {{2110.13883_FO0374||FO}} and {{2110.13883_FO0375||FO}} for our experiments.