created: 20260625110956922
modified: 20260625110956922
page: 000
parent_section: 2110.13883_H17
tags: paragraph 2110.13883
title: 2110.13883_PARA_0085
type: text/vnd.tiddlywiki

we follow Exercise 8.3 in [cover:06:elements]. First, note that