caption: 1
created: 20260625110956923
displayMode: false
latex: 1
latex_original: 1
modified: 20260625110956923
tags: formula 2110.13883
title: 2110.13883_FO0138
type: text/vnd.tiddlywiki

<$latex text={{!!latex}} displayMode={{!!displayMode}} />