created: 20260625110956922
modified: 20260625110956922
page: 000
parent_section: 2110.13883_H3
tags: paragraph 2110.13883
title: 2110.13883_PARA_0027
type: text/vnd.tiddlywiki

where {{2110.13883_FO0098||FO}} is computed as {{2110.13883_FO0099||FO}}, with {{2110.13883_FO0100||FO}} being the volume of a {{2110.13883_FO0101||FO}}-dimensional unit ball. By adding up the individual entropy terms, we arrive at the \ksg estimator, defined as