created: 20260626094813420
modified: 20260626094813420
page: 000
parent_section: 2110.11150_H21
tags: paragraph 2110.11150
title: 2110.11150_PARA_0080
type: text/vnd.tiddlywiki

Thus, at the last layer it holds for all {{2110.11150_FO0230||FO}} that