created: 20260626111149171
modified: 20260626111149171
page: 000
parent_section: 2110.11150_H24
tags: paragraph 2110.11150
title: 2110.11150_PARA_0063
type: text/markdown