caption: 4
created: 20260626111149172
displayMode: false
latex: 4
latex_original: 4
modified: 20260626111149172
tags: formula 2110.11150
title: 2110.11150_FO0164
type: text/markdown