caption: 2
created: 20260626094813422
displayMode: false
latex: 2
latex_original: 2
modified: 20260626094813422
tags: formula 2110.11150
title: 2110.11150_FO0248
type: text/vnd.tiddlywiki

<$latex text={{!!latex}} displayMode={{!!displayMode}} />