created: 20260625110956922
modified: 20260625110956922
page: 000
parent_section: 2110.13883_H18
tags: paragraph 2110.13883
title: 2110.13883_PARA_0098
type: text/vnd.tiddlywiki

For \gknn and \ksg we set the neighbourhood size as specified in the main paper.