caption: 6
created: 20260625110956923
displayMode: false
latex: 6
latex_original: 6
modified: 20260625110956923
tags: formula 2110.13883
title: 2110.13883_FO0088
type: text/vnd.tiddlywiki

<$latex text={{!!latex}} displayMode={{!!displayMode}} />