caption: 50
created: 20260625151931664
displayMode: false
latex: 50
latex_original: 50
modified: 20260625151931664
tags: formula 2110.11150
title: 2110.11150_FO0463
type: text/vnd.tiddlywiki

<$latex text={{!!latex}} displayMode={{!!displayMode}} />