created: 20260625110956922
modified: 20260625110956922
page: 000
parent_section: 2110.13883_H17
tags: paragraph 2110.13883
title: 2110.13883_PARA_0092
type: text/vnd.tiddlywiki

We generate samples from a Sphere by drawing latitude and longitude as {{2110.13883_FO0372||FO}} and compute the cartesian coordinates as