caption: 32
created: 20260626111149172
displayMode: false
latex: 32
latex_original: 32
modified: 20260626111149172
tags: formula 2110.11150
title: 2110.11150_FO0127
type: text/markdown