caption: 2l
created: 20260625151931664
displayMode: false
latex: 2l
latex_original: 2l
modified: 20260625151931664
tags: formula 2110.11150
title: 2110.11150_FO0389
type: text/vnd.tiddlywiki

<$latex text={{!!latex}} displayMode={{!!displayMode}} />