caption: .9
created: 20260626094813422
displayMode: false
latex: .9
latex_original: .9
modified: 20260626094813422
tags: formula 2110.11150
title: 2110.11150_FO0270
type: text/vnd.tiddlywiki

<$latex text={{!!latex}} displayMode={{!!displayMode}} />