created: 20260625110956922
modified: 20260625110956922
page: 000
parent_section: 2110.13883_H17
tags: paragraph 2110.13883
title: 2110.13883_PARA_0094
type: text/vnd.tiddlywiki

To derive a lower bound on the mutual information, we follow a similar procedure as for the Helix data. First, we can rewrite {{2110.13883_FO0376||FO}} and get that