created: 20260625110956922
modified: 20260625110956922
page: 000
parent_section: 2110.13883_H17
tags: paragraph 2110.13883
title: 2110.13883_PARA_0095
type: text/vnd.tiddlywiki

We can similarly decompose the conditional term to {{2110.13883_FO0377||FO}}. From the linear case, we know that {{2110.13883_FO0378||FO}}, since {{2110.13883_FO0379||FO}}. Additionally, it is clear that {{2110.13883_FO0380||FO}} and {{2110.13883_FO0381||FO}} and thus {{2110.13883_FO0382||FO}}.