caption: 2l
created: 20260626111149172
displayMode: false
latex: 2l
latex_original: 2l
modified: 20260626111149172
tags: formula 2110.11150
title: 2110.11150_FO0086
type: text/markdown