caption: 3
created: 20260625110956923
displayMode: false
latex: 3
latex_original: 3
modified: 20260625110956923
tags: formula 2110.13883
title: 2110.13883_FO0139
type: text/vnd.tiddlywiki

<$latex text={{!!latex}} displayMode={{!!displayMode}} />