caption: (0.2, 0.5, 0.7)
created: 20260626094813421
displayMode: false
latex: (0.2, 0.5, 0.7)
latex_original: (0.2, 0.5, 0.7)
modified: 20260626094813421
tags: formula 2110.11150
title: 2110.11150_FO0172
type: text/vnd.tiddlywiki

<$latex text={{!!latex}} displayMode={{!!displayMode}} />