caption: 0.01
created: 20260626094813421
displayMode: false
latex: 0.01
latex_original: 0.01
modified: 20260626094813421
tags: formula 2110.11150
title: 2110.11150_FO0173
type: text/vnd.tiddlywiki

<$latex text={{!!latex}} displayMode={{!!displayMode}} />