created: 20260625110956922
modified: 20260625110956922
page: 000
parent_section: 2110.13883_H19
tags: paragraph 2110.13883
title: 2110.13883_PARA_0100
type: text/vnd.tiddlywiki

We provide a time comparison of all methods in Fig. (ref) for 10 repetitions. We observe that \ourmethod only takes {{2110.13883_FO0389||FO}} times longer thank \ksg, independent of number of samples.