caption: 2110.11150
created: 20260626111149173
modified: 20260626111149173
tags: document bibtex 2110.11150
title: 2110.11150
type: text/markdown