caption: 10
created: 20260625110956924
displayMode: false
latex: 10
latex_original: 10
modified: 20260625110956924
tags: formula 2110.13883
title: 2110.13883_FO0322
type: text/vnd.tiddlywiki

<$latex text={{!!latex}} displayMode={{!!displayMode}} />