caption: [0,1]
created: 20260626111149171
displayMode: false
latex: [0,1]
latex_original: [0,1]
modified: 20260626111149171
tags: formula 2110.11150
title: 2110.11150_FO0076
type: text/markdown