created: 20260625110956922
modified: 20260625110956922
page: 000
parent_section: 2110.13883_H8
tags: paragraph 2110.13883
title: 2110.13883_PARA_0061
type: text/vnd.tiddlywiki

Next, we briefly outline how we can compute the distance between two points {{2110.13883_FO0283||FO}} on a subspace {{2110.13883_FO0284||FO}} of {{2110.13883_FO0285||FO}} given the forest learned on {{2110.13883_FO0286||FO}}.