caption: {0.01, 0.05}
created: 20260626111149172
displayMode: false
latex: {0.01, 0.05}
latex_original: {0.01, 0.05}
modified: 20260626111149172
tags: formula 2110.11150
title: 2110.11150_FO0124
type: text/markdown