created: 20260625110956922
modified: 20260625110956922
page: 000
parent_section: 2110.13883_H18
tags: paragraph 2110.13883
title: 2110.13883_PARA_0097
type: text/vnd.tiddlywiki

In case of \lnn, we use the suggested setting, which is {{2110.13883_FO0386||FO}} neighbours for MI estimation and evaluate {{2110.13883_FO0387||FO}}, as well as {{2110.13883_FO0388||FO}}, for bandwidth prediction for the kernel density estimation.