caption: 0
created: 20260625151931663
displayMode: false
latex: 0
latex_original: 0
modified: 20260625151931663
tags: formula 2110.11150
title: 2110.11150_FO0315
type: text/vnd.tiddlywiki

<$latex text={{!!latex}} displayMode={{!!displayMode}} />