created: 20260625110956922
modified: 20260625110956922
page: 000
parent_section: 2110.13883_H17
tags: paragraph 2110.13883
title: 2110.13883_PARA_0084
type: text/vnd.tiddlywiki

To derive the ground truth value for the linear uniform example, where {{2110.13883_FO0348||FO}}, {{2110.13883_FO0349||FO}} and