caption: 5
created: 20260626111149172
displayMode: false
latex: 5
latex_original: 5
modified: 20260626111149172
tags: formula 2110.11150
title: 2110.11150_FO0128
type: text/markdown