created: 20260625110956922
modified: 20260625110956922
page: 000
parent_section: 2110.13883_H3
tags: paragraph 2110.13883
title: 2110.13883_PARA_0019
type: text/vnd.tiddlywiki

Next, we briefly introduce the line of {{2110.13883_FO0035||FO}}NN based MI estimators more formally, and then shortly discuss the \ksg [kraskov:04:ksg] estimator and its limitations.