caption: 5
created: 20260625151931664
displayMode: false
latex: 5
latex_original: 5
modified: 20260625151931664
tags: formula 2110.11150
title: 2110.11150_FO0461
type: text/vnd.tiddlywiki

<$latex text={{!!latex}} displayMode={{!!displayMode}} />