created: 20260626111149172
modified: 20260626111149172
page: 000
tags: abstract 2110.11150
title: 2110.11150_ABS01
type: text/markdown