caption: 97.96
created: 20260626111149172
displayMode: false
latex: 97.96
latex_original: 97.96
modified: 20260626111149172
tags: formula 2110.11150
title: 2110.11150_FO0104
type: text/markdown