caption: 0.0005
created: 20260626111149172
displayMode: false
latex: 0.0005
latex_original: 0.0005
modified: 20260626111149172
tags: formula 2110.11150
title: 2110.11150_FO0119
type: text/markdown