caption: (0.2, 0.5, 0.7)
created: 20260626111149172
displayMode: false
latex: (0.2, 0.5, 0.7)
latex_original: (0.2, 0.5, 0.7)
modified: 20260626111149172
tags: formula 2110.11150
title: 2110.11150_FO0139
type: text/markdown