caption: 4
created: 20260625151931664
displayMode: false
latex: 4
latex_original: 4
modified: 20260625151931664
tags: formula 2110.11150
title: 2110.11150_FO0465
type: text/vnd.tiddlywiki

<$latex text={{!!latex}} displayMode={{!!displayMode}} />