created: 20260625110956922
modified: 20260625110956922
page: 000
parent_section: 2110.13883_H3
tags: paragraph 2110.13883
title: 2110.13883_PARA_0026
type: text/vnd.tiddlywiki

To compute the entropies for the subspaces {{2110.13883_FO0092||FO}} and {{2110.13883_FO0093||FO}}, we consider the volumes related to {{2110.13883_FO0094||FO}} computed on {{2110.13883_FO0095||FO}} and determine the corresponding {{2110.13883_FO0096||FO}} retrospectively, i.e. we define {{2110.13883_FO0097||FO}} as