created: 20260625110956922
modified: 20260625110956922
page: 000
parent_section: 2110.13883_H1
tags: paragraph 2110.13883
title: 2110.13883_PARA_0008
type: text/vnd.tiddlywiki

can be expressed as sum of differential entropies