caption: 20
created: 20260625110956923
displayMode: false
latex: 20
latex_original: 20
modified: 20260625110956923
tags: formula 2110.13883
title: 2110.13883_FO0033
type: text/vnd.tiddlywiki

<$latex text={{!!latex}} displayMode={{!!displayMode}} />