created: 20260625110956922
modified: 20260625110956922
page: 000
parent_section: 2110.13883_H17
tags: paragraph 2110.13883
title: 2110.13883_PARA_0090
type: text/vnd.tiddlywiki

First, note that {{2110.13883_FO0362||FO}} (see [gao:15:strongly-dependent]). More generally, {{2110.13883_FO0363||FO}}, where {{2110.13883_FO0364||FO}}, {{2110.13883_FO0365||FO}} and {{2110.13883_FO0366||FO}}. We get that