created: 20260626111149173
kind: proof
modified: 20260626111149173
parent_section: 2110.11150_H20
proof_of: 2110.11150_THM0009
tags: proof 2110.11150
title: 2110.11150_PROOF0004
type: text/markdown