caption: 1-\delta
created: 20260626111149172
displayMode: false
latex: 1-\delta
latex_original: 1-\delta
modified: 20260626111149172
tags: formula 2110.11150
title: 2110.11150_FO0092
type: text/markdown