created: 20260626094813420
modified: 20260626094813420
page: 000
parent_section: 2110.11150_H20
tags: paragraph 2110.11150
title: 2110.11150_PARA_0076
type: text/vnd.tiddlywiki

\end{proof}