created: 20260626111149170
modified: 20260626111149170
page: 000
parent_section: 2110.11150_H8
tags: paragraph 2110.11150
title: 2110.11150_PARA_0029
type: text/markdown