caption: .9
created: 20260626111149172
displayMode: false
latex: .9
latex_original: .9
modified: 20260626111149172
tags: formula 2110.11150
title: 2110.11150_FO0161
type: text/markdown