created: 20260625110956922
modified: 20260625110956922
page: 000
parent_section: 2110.13883_H6
tags: paragraph 2110.13883
title: 2110.13883_PARA_0046
type: text/vnd.tiddlywiki

and compute {{2110.13883_FO0200||FO}} accordingly. Finally, we derive our proposed \ourmethod estimator as