created: 20260626111149173
kind: proof
modified: 20260626111149173
parent_section: 2110.11150_H4
proof_of: 2110.11150_THM0002
tags: proof 2110.11150
title: 2110.11150_PROOF0001
type: text/markdown