created: 20260626111149173
kind: proof
modified: 20260626111149173
parent_section: 2110.11150_H22
proof_of: 2110.11150_THM0011
tags: proof 2110.11150
title: 2110.11150_PROOF0006
type: text/markdown