caption: 100
created: 20260625110956924
displayMode: false
latex: 100
latex_original: 100
modified: 20260625110956924
tags: formula 2110.13883
title: 2110.13883_FO0316
type: text/vnd.tiddlywiki

<$latex text={{!!latex}} displayMode={{!!displayMode}} />