caption: 50
created: 20260625110956924
displayMode: false
latex: 50
latex_original: 50
modified: 20260625110956924
tags: formula 2110.13883
title: 2110.13883_FO0327
type: text/vnd.tiddlywiki

<$latex text={{!!latex}} displayMode={{!!displayMode}} />