created: 20260625110956922
modified: 20260625110956922
page: 000
parent_section: 2110.13883_H17
tags: paragraph 2110.13883
title: 2110.13883_PARA_0088
type: text/vnd.tiddlywiki

where {{2110.13883_FO0360||FO}} are noise variables and {{2110.13883_FO0361||FO}}.