created: 20260625110956922
modified: 20260625110956922
page: 000
parent_section: 2110.13883_H4
tags: paragraph 2110.13883
title: 2110.13883_PARA_0038
type: text/vnd.tiddlywiki

In the following we will show that for a data generative process as defined in Model (ref), we can compute {{2110.13883_FO0146||FO}} given only {{2110.13883_FO0147||FO}}. For arbitrary functions {{2110.13883_FO0148||FO}} and {{2110.13883_FO0149||FO}}, where the transformed variables {{2110.13883_FO0150||FO}} and {{2110.13883_FO0151||FO}} are differentiable almost everywhere, the data processing inequality states that {{2110.13883_FO0152||FO}} [cover:06:elements]. Applied to our scenario, {{2110.13883_FO0153||FO}} would at most provide a lower bound for {{2110.13883_FO0154||FO}}. When requiring that {{2110.13883_FO0155||FO}} and {{2110.13883_FO0156||FO}} are homeomorphisms, as stated in Condition 2 in Model (ref), we can make a stronger statement.