created: 20260625110956922
modified: 20260625110956922
page: 000
parent_section: 2110.13883_H6
tags: paragraph 2110.13883
title: 2110.13883_PARA_0047
type: text/vnd.tiddlywiki

Next, we explain how to estimate geodesic distances {{2110.13883_FO0201||FO}} from Geodesic Forests.