caption: 10
created: 20260626111149172
displayMode: false
latex: 10
latex_original: 10
modified: 20260626111149172
tags: formula 2110.11150
title: 2110.11150_FO0142
type: text/markdown