caption: 784 \rightarrow 31400 \rightarrow 300 \rightarrow 12040 \rightarrow 100 \rightarrow 4040 \rightarrow 10
created: 20260626111149172
displayMode: false
latex: 784 \rightarrow 31400 \rightarrow 300 \rightarrow 12040 \rightarrow 100 \rightarrow 4040 \rightarrow 10
latex_original: 784 \rightarrow 31400 \rightarrow 300 \rightarrow 12040 \rightarrow 100 \rightarrow 4040 \rightarrow 10
modified: 20260626111149172
tags: formula 2110.11150
title: 2110.11150_FO0108
type: text/markdown