caption: .9
created: 20260625151931664
displayMode: false
latex: .9
latex_original: .9
modified: 20260625151931664
tags: formula 2110.11150
title: 2110.11150_FO0459
type: text/vnd.tiddlywiki

<$latex text={{!!latex}} displayMode={{!!displayMode}} />