created: 20260626111149171
modified: 20260626111149171
page: 000
parent_section: 2110.11150_H22
tags: paragraph 2110.11150
title: 2110.11150_PARA_0061
type: text/markdown