created: 20260626094813420
modified: 20260626105255472
page: 000
parent_section: 2110.11150_H26
tags: paragraph 2110.11150
title: 2110.11150_PARA_0094
type: text/markdown