caption: 100
created: 20260626111149172
displayMode: false
latex: 100
latex_original: 100
modified: 20260626111149172
tags: formula 2110.11150
title: 2110.11150_FO0135
type: text/markdown