caption: 650
created: 20260625093527301
displayMode: false
latex: 650
latex_original: 650
modified: 20260625093527301
tags: formula 2111.13611
title: 2111.13611_FO0079
type: text/vnd.tiddlywiki

<$latex text={{!!latex}} displayMode={{!!displayMode}} />