caption: 6
created: 20260625093527301
displayMode: false
latex: 6
latex_original: 6
modified: 20260625093527301
tags: formula 2111.13611
title: 2111.13611_FO0034
type: text/vnd.tiddlywiki

<$latex text={{!!latex}} displayMode={{!!displayMode}} />