caption: 0.44
created: 20260625093527301
displayMode: false
latex: 0.44
latex_original: 0.44
modified: 20260625093527301
tags: formula 2111.13611
title: 2111.13611_FO0098
type: text/vnd.tiddlywiki

<$latex text={{!!latex}} displayMode={{!!displayMode}} />