caption: 16.9
created: 20260625093527301
displayMode: false
latex: 16.9
latex_original: 16.9
modified: 20260625093527301
tags: formula 2111.13611
title: 2111.13611_FO0087
type: text/vnd.tiddlywiki

<$latex text={{!!latex}} displayMode={{!!displayMode}} />