caption: 200
created: 20260625093527301
displayMode: false
latex: 200
latex_original: 200
modified: 20260625093527301
tags: formula 2111.13611
title: 2111.13611_FO0085
type: text/vnd.tiddlywiki

<$latex text={{!!latex}} displayMode={{!!displayMode}} />