caption: 70.42\%
created: 20260625093527301
displayMode: false
latex: 70.42\%
latex_original: 70.42\%
modified: 20260625093527301
tags: formula 2111.13611
title: 2111.13611_FO0093
type: text/vnd.tiddlywiki

<$latex text={{!!latex}} displayMode={{!!displayMode}} />