caption: 85\%
created: 20260625093527301
displayMode: false
latex: 85\%
latex_original: 85\%
modified: 20260625093527301
tags: formula 2111.13611
title: 2111.13611_FO0041
type: text/vnd.tiddlywiki

<$latex text={{!!latex}} displayMode={{!!displayMode}} />