caption: 20\%
created: 20260625093527301
displayMode: false
latex: 20\%
latex_original: 20\%
modified: 20260625093527301
tags: formula 2111.13611
title: 2111.13611_FO0068
type: text/vnd.tiddlywiki

<$latex text={{!!latex}} displayMode={{!!displayMode}} />