created: 20260625093527301
modified: 20260625093527301
page: 000
parent_section: 2111.13611_H13
tags: paragraph 2111.13611
title: 2111.13611_PARA_0086
type: text/vnd.tiddlywiki

Table (ref) shows examples of claims absent from high-coverage documents.