caption: 1.63
created: 20260625093527301
displayMode: false
latex: 1.63
latex_original: 1.63
modified: 20260625093527301
tags: formula 2111.13611
title: 2111.13611_FO0123
type: text/vnd.tiddlywiki

<$latex text={{!!latex}} displayMode={{!!displayMode}} />