caption: 77.4\%
created: 20260625093527301
displayMode: false
latex: 77.4\%
latex_original: 77.4\%
modified: 20260625093527301
tags: formula 2111.13611
title: 2111.13611_FO0047
type: text/vnd.tiddlywiki

<$latex text={{!!latex}} displayMode={{!!displayMode}} />