caption: 12
created: 20260625093527301
displayMode: false
latex: 12
latex_original: 12
modified: 20260625093527301
tags: formula 2111.13611
title: 2111.13611_FO0032
type: text/vnd.tiddlywiki

<$latex text={{!!latex}} displayMode={{!!displayMode}} />