created: 20260625093527301
modified: 20260625093527301
page: 000
parent_section: 2111.13611_H12
tags: paragraph 2111.13611
title: 2111.13611_PARA_0078
type: text/vnd.tiddlywiki

As a proof-of-concept, we ran this experiment for a sample of 10 different entities (each with a pool of 100 documents).