created: 20260625093527300
modified: 20260625093527300
page: 000
parent_section: 2111.13611_H5
tags: paragraph 2111.13611
title: 2111.13611_PARA_0044
type: text/vnd.tiddlywiki

We use several inexpensive statistical models for document representation and feed them to a logistic regression classifier.