caption: 36.2
created: 20260625093527301
displayMode: false
latex: 36.2
latex_original: 36.2
modified: 20260625093527301
tags: formula 2111.13611
title: 2111.13611_FO0088
type: text/vnd.tiddlywiki

<$latex text={{!!latex}} displayMode={{!!displayMode}} />