caption: 40
created: 20260625093527301
displayMode: false
latex: 40
latex_original: 40
modified: 20260625093527301
tags: formula 2111.13611
title: 2111.13611_FO0101
type: text/vnd.tiddlywiki

<$latex text={{!!latex}} displayMode={{!!displayMode}} />