caption: 3604
created: 20260625093527301
displayMode: false
latex: 3604
latex_original: 3604
modified: 20260625093527301
tags: formula 2111.13611
title: 2111.13611_FO0070
type: text/vnd.tiddlywiki

<$latex text={{!!latex}} displayMode={{!!displayMode}} />