caption: 50
created: 20260625093527301
displayMode: false
latex: 50
latex_original: 50
modified: 20260625093527301
tags: formula 2111.13611
title: 2111.13611_FO0059
type: text/vnd.tiddlywiki

<$latex text={{!!latex}} displayMode={{!!displayMode}} />