created: 20260625093527300
modified: 20260625093527300
page: 000
parent_section: 2111.13611_H4
tags: paragraph 2111.13611
title: 2111.13611_PARA_0036
type: text/vnd.tiddlywiki

Table (ref) gives the average number of objects present in each ground truth variant. On average across relations, the number of objects in {{2111.13611_FO0048||FO}} is higher than those in {{2111.13611_FO0049||FO}} by {{2111.13611_FO0050||FO}}, and {{2111.13611_FO0051||FO}} is higher than those in {{2111.13611_FO0052||FO}} by {{2111.13611_FO0053||FO}}. This implies that {{2111.13611_FO0054||FO}} and {{2111.13611_FO0055||FO}} can have overlapping objects, and {{2111.13611_FO0056||FO}} might contain extra objects towards {{2111.13611_FO0057||FO}} creation.