caption: 3.75\%
created: 20260625093527301
displayMode: false
latex: 3.75\%
latex_original: 3.75\%
modified: 20260625093527301
tags: formula 2111.13611
title: 2111.13611_FO0110
type: text/vnd.tiddlywiki

<$latex text={{!!latex}} displayMode={{!!displayMode}} />