caption: 0.45
created: 20260625093527301
displayMode: false
latex: 0.45
latex_original: 0.45
modified: 20260625093527301
tags: formula 2111.13611
title: 2111.13611_FO0097
type: text/vnd.tiddlywiki

<$latex text={{!!latex}} displayMode={{!!displayMode}} />