caption: 23.7\%
created: 20260625093527301
displayMode: false
latex: 23.7\%
latex_original: 23.7\%
modified: 20260625093527301
tags: formula 2111.13611
title: 2111.13611_FO0050
type: text/vnd.tiddlywiki

<$latex text={{!!latex}} displayMode={{!!displayMode}} />