caption: 0.5
created: 20260625093527301
displayMode: false
latex: 0.5
latex_original: 0.5
modified: 20260625093527301
tags: formula 2111.13611
title: 2111.13611_FO0036
type: text/vnd.tiddlywiki

<$latex text={{!!latex}} displayMode={{!!displayMode}} />