caption: 520
created: 20260625093527301
displayMode: false
latex: 520
latex_original: 520
modified: 20260625093527301
tags: formula 2111.13611
title: 2111.13611_FO0030
type: text/vnd.tiddlywiki

<$latex text={{!!latex}} displayMode={{!!displayMode}} />