caption: 34.2\%
created: 20260625093527301
displayMode: false
latex: 34.2\%
latex_original: 34.2\%
modified: 20260625093527301
tags: formula 2111.13611
title: 2111.13611_FO0096
type: text/vnd.tiddlywiki

<$latex text={{!!latex}} displayMode={{!!displayMode}} />