caption: 400
created: 20260625093527301
displayMode: false
latex: 400
latex_original: 400
modified: 20260625093527301
tags: formula 2111.13611
title: 2111.13611_FO0058
type: text/vnd.tiddlywiki

<$latex text={{!!latex}} displayMode={{!!displayMode}} />