caption: 23.6
created: 20260625093527301
displayMode: false
latex: 23.6
latex_original: 23.6
modified: 20260625093527301
tags: formula 2111.13611
title: 2111.13611_FO0086
type: text/vnd.tiddlywiki

<$latex text={{!!latex}} displayMode={{!!displayMode}} />