created: 20260625093527300
modified: 20260625093527300
page: 000
parent_section: 2111.13611_H3
tags: paragraph 2111.13611
title: 2111.13611_PARA_0022
type: text/vnd.tiddlywiki

\begin{comment}