caption: 31,366
created: 20260625093527301
displayMode: false
latex: 31,366
latex_original: 31,366
modified: 20260625093527301
tags: formula 2111.13611
title: 2111.13611_FO0044
type: text/vnd.tiddlywiki

<$latex text={{!!latex}} displayMode={{!!displayMode}} />