caption: 09
created: 20260625093527301
displayMode: false
latex: 09
latex_original: 09
modified: 20260625093527301
tags: formula 2111.13611
title: 2111.13611_FO0084
type: text/vnd.tiddlywiki

<$latex text={{!!latex}} displayMode={{!!displayMode}} />