caption: 10\%
created: 20260625093527301
displayMode: false
latex: 10\%
latex_original: 10\%
modified: 20260625093527301
tags: formula 2111.13611
title: 2111.13611_FO0067
type: text/vnd.tiddlywiki

<$latex text={{!!latex}} displayMode={{!!displayMode}} />