caption: 28.8\%
created: 20260625093527301
displayMode: false
latex: 28.8\%
latex_original: 28.8\%
modified: 20260625093527301
tags: formula 2111.13611
title: 2111.13611_FO0053
type: text/vnd.tiddlywiki

<$latex text={{!!latex}} displayMode={{!!displayMode}} />