caption: 774
created: 20260625093448816
displayMode: false
latex: 774
latex_original: 774
modified: 20260625093448816
tags: formula 2204.11677
title: 2204.11677_FO0081
type: text/vnd.tiddlywiki

<$latex text={{!!latex}} displayMode={{!!displayMode}} />