caption: 0.1
created: 20260625093505870
displayMode: false
latex: 0.1
latex_original: 0.1
modified: 20260625093505870
tags: formula 2204.10432
title: 2204.10432_FO0038
type: text/vnd.tiddlywiki

<$latex text={{!!latex}} displayMode={{!!displayMode}} />