created: 20260625093448814
modified: 20260625093448814
page: 000
parent_section: 2204.11677_H2
tags: paragraph 2204.11677
title: 2204.11677_PARA_0064
type: text/vnd.tiddlywiki

\myparagraph{Turn} A turn in {{2204.11677_FO0037||FO}} consists of a specific {{2204.11677_FO0038||FO}} pair. For example, the second turn refers to {{2204.11677_FO0039||FO}}.