created: 20260625093448815
modified: 20260625093448815
page: 000
parent_section: 2204.11677_H12
tags: paragraph 2204.11677
title: 2204.11677_PARA_0174
type: text/vnd.tiddlywiki

The model is fine-tuned on \convmix, using the {{2204.11677_FO0092||FO}}full history, current question{{2204.11677_FO0093||FO}}-pairs as input, and the respective completed questions (available in the benchmark) as the gold label.