caption: 10
created: 20260625093505870
displayMode: false
latex: 10
latex_original: 10
modified: 20260625093505870
tags: formula 2204.10432
title: 2204.10432_FO0037
type: text/vnd.tiddlywiki

<$latex text={{!!latex}} displayMode={{!!displayMode}} />