caption: 9,000
created: 20260625093505870
displayMode: false
latex: 9,000
latex_original: 9,000
modified: 20260625093505870
tags: formula 2204.10432
title: 2204.10432_FO0011
type: text/vnd.tiddlywiki

<$latex text={{!!latex}} displayMode={{!!displayMode}} />