created: 20260625093505869
modified: 20260625093505869
page: 000
parent_section: 2204.10432_H9
tags: paragraph 2204.10432
title: 2204.10432_PARA_0044
type: text/vnd.tiddlywiki

We use five heuristics to identify and synthesize negative examples for each symptom: