caption: 15-26
created: 20260625093448816
displayMode: false
latex: 15-26
latex_original: 15-26
modified: 20260625093448816
tags: formula 2204.11677
title: 2204.11677_FO0122
type: text/vnd.tiddlywiki

<$latex text={{!!latex}} displayMode={{!!displayMode}} />