caption: 2
created: 20260625093448816
displayMode: false
latex: 2
latex_original: 2
modified: 20260625093448816
tags: formula 2204.11677
title: 2204.11677_FO0088
type: text/vnd.tiddlywiki

<$latex text={{!!latex}} displayMode={{!!displayMode}} />