caption: 5
created: 20260625093505870
displayMode: false
latex: 5
latex_original: 5
modified: 20260625093505870
tags: formula 2204.10432
title: 2204.10432_FO0019
type: text/vnd.tiddlywiki

<$latex text={{!!latex}} displayMode={{!!displayMode}} />