created: 20260625093505869
modified: 20260625093505869
page: 000
parent_section: 2204.10432_H2
tags: paragraph 2204.10432
title: 2204.10432_PARA_0017
type: text/vnd.tiddlywiki

Outside of our work, we are aware of two datasets that incorporate questionnaire information such as PHQ9 for identifying depression.