created: 20260625093505869
modified: 20260625093505869
page: 000
parent_section: 2204.10432_H9
tags: paragraph 2204.10432
title: 2204.10432_PARA_0035
type: text/vnd.tiddlywiki

For each question, we prepare a set of positive symptom patterns (e.g., ``can'?t sleep'').