created: 20260625093505870
modified: 20260625093505870
page: 000
parent_section: 2204.10432_H18
tags: paragraph 2204.10432
title: 2204.10432_PARA_0069
type: text/vnd.tiddlywiki

\newpage