caption: 54\%
created: 20260625093448816
displayMode: false
latex: 54\%
latex_original: 54\%
modified: 20260625093448816
tags: formula 2204.11677
title: 2204.11677_FO0119
type: text/vnd.tiddlywiki

<$latex text={{!!latex}} displayMode={{!!displayMode}} />