created: 20260625093448815
modified: 20260625093448815
page: 000
parent_section: 2204.11677_H18
tags: paragraph 2204.11677
title: 2204.11677_PARA_0225
type: text/vnd.tiddlywiki

cannot easily be extended to capture the conversational flow in a heterogeneous setting.