created: 20260625093505869
modified: 20260625093505869
page: 000
parent_section: 2204.10432_H9
tags: paragraph 2204.10432
title: 2204.10432_PARA_0037
type: text/vnd.tiddlywiki

In the labeling step, we select posts containing symptom patterns as positive examples.