created: 20260625093448814
modified: 20260625093448814
page: 000
parent_section: 2204.11677_H2
tags: paragraph 2204.11677
title: 2204.11677_PARA_0066
type: text/vnd.tiddlywiki

\myparagraph{Text collection} A text collection is a set of documents, where each document consists of a sequence of sentences.