created: 20260625093448815
modified: 20260625093448815
page: 000
parent_section: 2204.11677_H18
tags: paragraph 2204.11677
title: 2204.11677_PARA_0228
type: text/vnd.tiddlywiki

since recent QA systems may not require the question to have perfect syntax or grammar [izacard2021leveraging,jia21complex].