caption: 100
created: 20260625093448816
displayMode: false
latex: 100
latex_original: 100
modified: 20260625093448816
tags: formula 2204.11677
title: 2204.11677_FO0108
type: text/vnd.tiddlywiki

<$latex text={{!!latex}} displayMode={{!!displayMode}} />