created: 20260625093448813
modified: 20260625093448813
page: 000
parent_section: 2204.11677_H1
tags: paragraph 2204.11677
title: 2204.11677_PARA_0028
type: text/vnd.tiddlywiki

\utterance{What did Brienne call Jaime?} (\phrase{Kingslayer}).