created: 20260625093448815
modified: 20260625093448815
page: 000
parent_section: 2204.11677_H16
tags: paragraph 2204.11677
title: 2204.11677_PARA_0194
type: text/vnd.tiddlywiki

IR model at the ERS stage, while expressive representation of the conversational context is crucial, too.