created: 20260625093448813
modified: 20260625093448813
page: 000
parent_section: 2204.11677_H1
tags: paragraph 2204.11677
title: 2204.11677_PARA_0033
type: text/vnd.tiddlywiki

questions where the intent is made completely explicit.