caption: 17
created: 20260625093448816
displayMode: false
latex: 17
latex_original: 17
modified: 20260625093448816
tags: formula 2204.11677
title: 2204.11677_FO0087
type: text/vnd.tiddlywiki

<$latex text={{!!latex}} displayMode={{!!displayMode}} />