caption: 40
created: 20260625093448816
displayMode: false
latex: 40
latex_original: 40
modified: 20260625093448816
tags: formula 2204.11677
title: 2204.11677_FO0117
type: text/vnd.tiddlywiki

<$latex text={{!!latex}} displayMode={{!!displayMode}} />