created: 20260625093448814
modified: 20260625093448814
page: 000
parent_section: 2204.11677_H7
tags: paragraph 2204.11677
title: 2204.11677_PARA_0128
type: text/vnd.tiddlywiki

However, once \phrase{GoT} is added to {{2204.11677_FO0071||FO}} (e.g., \phrase{What about the dwarf in GoT?}),