created: 20260625093505869
modified: 20260625093505869
page: 000
parent_section: 2204.10432_H9
tags: paragraph 2204.10432
title: 2204.10432_PARA_0033
type: text/vnd.tiddlywiki

The questionnaire model is tasked with classifying if a given post contains a PHQ9 symptom (positive) or not (negative).