created: 20260625093448814
modified: 20260625093448814
page: 000
parent_section: 2204.11677_H4
tags: paragraph 2204.11677
title: 2204.11677_PARA_0074
type: text/vnd.tiddlywiki

towards deriving intent-explicit structured representations (SR) of the user's information need in {{2204.11677_FO0042||FO}}.