caption: 1,493
created: 20260625093505870
displayMode: false
latex: 1,493
latex_original: 1,493
modified: 20260625093505870
tags: formula 2204.10432
title: 2204.10432_FO0014
type: text/vnd.tiddlywiki

<$latex text={{!!latex}} displayMode={{!!displayMode}} />