caption: 572
created: 20260625093448816
displayMode: false
latex: 572
latex_original: 572
modified: 20260625093448816
tags: formula 2204.11677
title: 2204.11677_FO0080
type: text/vnd.tiddlywiki

<$latex text={{!!latex}} displayMode={{!!displayMode}} />