created: 20260625093448815
modified: 20260625093448815
page: 000
parent_section: 2204.11677_H12
tags: paragraph 2204.11677
title: 2204.11677_PARA_0170
type: text/vnd.tiddlywiki

\myparagraph{Prepending history turns} Adding turns from the history to the beginning of the current question is still considered