created: 20260625093448815
modified: 20260625093448815
page: 000
parent_section: 2204.11677_H12
tags: paragraph 2204.11677
title: 2204.11677_PARA_0172
type: text/vnd.tiddlywiki

\myparagraph{Question rewriting} We choose a very recent T5-based rewriting model [raposo2022question]. The method