created: 20260625093448814
modified: 20260625093448814
page: 000
parent_section: 2204.11677_H4
tags: paragraph 2204.11677
title: 2204.11677_PARA_0080
type: text/vnd.tiddlywiki

The context entity (\textcolor{gray}{GoT} in this case) is an entity mention from the conversational context.