created: 20260625093448815
modified: 20260625093448815
page: 000
parent_section: 2204.11677_H18
tags: paragraph 2204.11677
title: 2204.11677_PARA_0219
type: text/vnd.tiddlywiki

approach is to construct a question-aware encoding