caption: 0.5
created: 20260625093505870
displayMode: false
latex: 0.5
latex_original: 0.5
modified: 20260625093505870
tags: formula 2204.10432
title: 2204.10432_FO0041
type: text/vnd.tiddlywiki

<$latex text={{!!latex}} displayMode={{!!displayMode}} />