caption: 107,000
created: 20260625093505870
displayMode: false
latex: 107,000
latex_original: 107,000
modified: 20260625093505870
tags: formula 2204.10432
title: 2204.10432_FO0012
type: text/vnd.tiddlywiki

<$latex text={{!!latex}} displayMode={{!!displayMode}} />