created: 20260625093448815
modified: 20260625093448815
page: 000
parent_section: 2204.11677_H11
tags: paragraph 2204.11677
title: 2204.11677_PARA_0167
type: text/vnd.tiddlywiki

The benchmark-relevant subset of Wikipedia is comprised of the pages of entities detected via \clocq.