created: 20260625093505869
modified: 20260625093505869
page: 000
parent_section: 2204.10432_H9
tags: paragraph 2204.10432
title: 2204.10432_PARA_0039
type: text/vnd.tiddlywiki

\paragraphHdNospace{Positive sentiment.} Posts containing symptom patterns but conveying a positive/happy sentiment.