created: 20260625093505869
modified: 20260625093505869
page: 000
parent_section: 2204.10432_H9
tags: paragraph 2204.10432
title: 2204.10432_PARA_0049
type: text/vnd.tiddlywiki

\paragraphHdNospace{Positive sentiment.} Posts sampled from neutral or positive classes in the Sentiment140 sentiment analysis corpus [go2009twitter].