caption: 900
created: 20260625093505870
displayMode: false
latex: 900
latex_original: 900
modified: 20260625093505870
tags: formula 2204.10432
title: 2204.10432_FO0021
type: text/vnd.tiddlywiki

<$latex text={{!!latex}} displayMode={{!!displayMode}} />