created: 20260625093448813
modified: 20260625093448813
page: 000
parent_section: 2204.11677_H1
tags: paragraph 2204.11677
title: 2204.11677_PARA_0021
type: text/vnd.tiddlywiki

\myparagraph{Motivation} Conversational question answering (ConvQA) [choi2018quac,saharoy2021question,reddy2019coqa,qu2020open] is