caption: 5 \times 10^{-5}
created: 20260625093448816
displayMode: false
latex: 5 \times 10^{-5}
latex_original: 5 \times 10^{-5}
modified: 20260625093448816
tags: formula 2204.11677
title: 2204.11677_FO0110
type: text/vnd.tiddlywiki

<$latex text={{!!latex}} displayMode={{!!displayMode}} />