caption: 50\%
created: 20260625093448816
displayMode: false
latex: 50\%
latex_original: 50\%
modified: 20260625093448816
tags: formula 2204.11677
title: 2204.11677_FO0118
type: text/vnd.tiddlywiki

<$latex text={{!!latex}} displayMode={{!!displayMode}} />