caption: 6,805
created: 20260625093505870
displayMode: false
latex: 6,805
latex_original: 6,805
modified: 20260625093505870
tags: formula 2204.10432
title: 2204.10432_FO0015
type: text/vnd.tiddlywiki

<$latex text={{!!latex}} displayMode={{!!displayMode}} />