caption: 2.3
created: 20260625093448816
displayMode: false
latex: 2.3
latex_original: 2.3
modified: 20260625093448816
tags: formula 2204.11677
title: 2204.11677_FO0123
type: text/vnd.tiddlywiki

<$latex text={{!!latex}} displayMode={{!!displayMode}} />