caption: 10
created: 20260625093448816
displayMode: false
latex: 10
latex_original: 10
modified: 20260625093448816
tags: formula 2204.11677
title: 2204.11677_FO0109
type: text/vnd.tiddlywiki

<$latex text={{!!latex}} displayMode={{!!displayMode}} />