created: 20260625093448814
modified: 20260625093448814
page: 000
parent_section: 2204.11677_H2
tags: paragraph 2204.11677
title: 2204.11677_PARA_0063
type: text/vnd.tiddlywiki

\myparagraph{Conversation} A conversation {{2204.11677_FO0032||FO}} consists of a sequence of questions ({{2204.11677_FO0033||FO}}) and corresponding answers ({{2204.11677_FO0034||FO}}) (see Sec. (ref) for an example). The first question {{2204.11677_FO0035||FO}} in {{2204.11677_FO0036||FO}} is complete, while follow-up questions are usually incomplete.