citekey: 51109334-209f-4220-b5de-bfad08259c34
created: 20260625093505870
modified: 20260625093505870
tags: citation 2204.10432
text_display: 51109334-209f-4220-b5de-bfad08259c34
title: 2204.10432_51109334-209f-4220-b5de-bfad08259c34
type: text/vnd.tiddlywiki

//Citation placeholder for// `51109334-209f-4220-b5de-bfad08259c34`