caption: 57,155
created: 20260625093505870
displayMode: false
latex: 57,155
latex_original: 57,155
modified: 20260625093505870
tags: formula 2204.10432
title: 2204.10432_FO0016
type: text/vnd.tiddlywiki

<$latex text={{!!latex}} displayMode={{!!displayMode}} />