caption: 6
created: 20260625093505870
displayMode: false
latex: 6
latex_original: 6
modified: 20260625093505870
tags: formula 2204.10432
title: 2204.10432_FO0018
type: text/vnd.tiddlywiki

<$latex text={{!!latex}} displayMode={{!!displayMode}} />