created: 20260625093448814
modified: 20260625093448814
page: 000
parent_section: 2204.11677_H5
tags: paragraph 2204.11677
title: 2204.11677_PARA_0109
type: text/vnd.tiddlywiki

cell values with the respective column headers with an \phrase{is} in between, and separating such {{2204.11677_FO0056||FO}}cell, header{{2204.11677_FO0057||FO}} pairs with a comma [oguz2021unikqa].