caption: 200 \times 10
created: 20260625093448816
displayMode: false
latex: 200 \times 10
latex_original: 200 \times 10
modified: 20260625093448816
tags: formula 2204.11677
title: 2204.11677_FO0086
type: text/vnd.tiddlywiki

<$latex text={{!!latex}} displayMode={{!!displayMode}} />