caption: 500
created: 20260625093448816
displayMode: false
latex: 500
latex_original: 500
modified: 20260625093448816
tags: formula 2204.11677
title: 2204.11677_FO0101
type: text/vnd.tiddlywiki

<$latex text={{!!latex}} displayMode={{!!displayMode}} />