created: 20260625093448815
modified: 20260625093448815
page: 000
parent_section: 2204.11677_H12
tags: paragraph 2204.11677
title: 2204.11677_PARA_0173
type: text/vnd.tiddlywiki

is trained on the Canard question rewriting benchmark [elgohary2019can].