citekey: 10.1145/3290605.3300364
created: 20260625093505871
modified: 20260625093505871
tags: citation 2204.10432
text_display: 10.1145/3290605.3300364
title: 2204.10432_10_1145_3290605_3300364
type: text/vnd.tiddlywiki

//Citation placeholder for// `10.1145/3290605.3300364`