caption: 20
created: 20260625093448816
displayMode: false
latex: 20
latex_original: 20
modified: 20260625093448816
tags: formula 2204.11677
title: 2204.11677_FO0100
type: text/vnd.tiddlywiki

<$latex text={{!!latex}} displayMode={{!!displayMode}} />