created: 20260625093448815
modified: 20260625093448815
page: 000
parent_section: 2204.11677_H16
tags: paragraph 2204.11677
title: 2204.11677_PARA_0185
type: text/vnd.tiddlywiki

\myparagraph{\convinse is viable for heterogeneous QA} The first and foremost takeaway