created: 20260625093448814
modified: 20260625093448814
page: 000
parent_section: 2204.11677_H5
tags: paragraph 2204.11677
title: 2204.11677_PARA_0105
type: text/vnd.tiddlywiki

The text within the page is split into single sentences.