created: 20260625093505870
modified: 20260625093505870
page: 000
parent_section: 2204.10432_H20
tags: paragraph 2204.10432
title: 2204.10432_PARA_0075
type: text/vnd.tiddlywiki

Depression model: We experimented with {{2204.10432_FO0032||FO}} variations described in Table (ref).