caption: 14
created: 20260625093448815
displayMode: false
latex: 14
latex_original: 14
modified: 20260625093448815
tags: formula 2204.11677
title: 2204.11677_FO0024
type: text/vnd.tiddlywiki

<$latex text={{!!latex}} displayMode={{!!displayMode}} />