created: 20260625093505869
modified: 20260625093505869
page: 000
parent_section: 2204.10432_H2
tags: paragraph 2204.10432
title: 2204.10432_PARA_0013
type: text/vnd.tiddlywiki

Similarly to other NLP domains, the use of contextualized embeddings has improved the performance of classifiers [jiang2020detection,matero2019suicide].