caption: 0.01
created: 20260625093448816
displayMode: false
latex: 0.01
latex_original: 0.01
modified: 20260625093448816
tags: formula 2204.11677
title: 2204.11677_FO0102
type: text/vnd.tiddlywiki

<$latex text={{!!latex}} displayMode={{!!displayMode}} />