caption: 2
created: 20260625093448815
displayMode: false
latex: 2
latex_original: 2
modified: 20260625093448815
tags: formula 2204.11677
title: 2204.11677_FO0026
type: text/vnd.tiddlywiki

<$latex text={{!!latex}} displayMode={{!!displayMode}} />