created: 20260625093505869
modified: 20260625093505869
page: 000
parent_section: 2204.10432_H1
tags: paragraph 2204.10432
title: 2204.10432_PARA_0006
type: text/vnd.tiddlywiki

This strategy is complementary to strategies for reducing temporal and topical artifacts [harrigian-etal-2020-models].