caption: 374
created: 20260625093448816
displayMode: false
latex: 374
latex_original: 374
modified: 20260625093448816
tags: formula 2204.11677
title: 2204.11677_FO0078
type: text/vnd.tiddlywiki

<$latex text={{!!latex}} displayMode={{!!displayMode}} />