caption: 9
created: 20260625093505870
displayMode: false
latex: 9
latex_original: 9
modified: 20260625093505870
tags: formula 2204.10432
title: 2204.10432_FO0009
type: text/vnd.tiddlywiki

<$latex text={{!!latex}} displayMode={{!!displayMode}} />