created: 20260625095716233
modified: 20260625095716233
page: 000
parent_section: 2208.09292_H8
tags: paragraph 2208.09292
title: 2208.09292_PARA_0056
type: text/vnd.tiddlywiki

The evaluation of \uncommon{} is centered around answering the 3 challenges introduced in Section (ref). Hence, we conduct: