created: 20260625095716233
modified: 20260625095716233
page: 000
parent_section: 2208.09292_H1
tags: paragraph 2208.09292
title: 2208.09292_PARA_0021
type: text/vnd.tiddlywiki

To eliminate false positives,