created: 20260625095716233
modified: 20260625095716233
page: 000
parent_section: 2208.09292_H6
tags: paragraph 2208.09292
title: 2208.09292_PARA_0040
type: text/vnd.tiddlywiki

Hyperparameters {{2208.09292_FO0031||FO}}, {{2208.09292_FO0032||FO}}, and {{2208.09292_FO0033||FO}} are tuned in Section (ref).