created: 20260625095716233
modified: 20260625095716233
page: 000
parent_section: 2208.09292_H1
tags: paragraph 2208.09292
title: 2208.09292_PARA_0015
type: text/vnd.tiddlywiki

but these are dominated by uninformative knowledge, e.g., \texttt{{{2208.09292_FO0001||FO}}(elephant, can, quit smoking)}.