created: 20260625095716233
modified: 20260625095716233
page: 000
parent_section: 2208.09292_H6
tags: paragraph 2208.09292
title: 2208.09292_PARA_0037
type: text/vnd.tiddlywiki

In this case \texttt{{{2208.09292_FO0023||FO}}(elephant, eat grass)} is dropped from the candidate set.}