created: 20260625095716233
modified: 20260625095716233
page: 000
parent_section: 2208.09292_H7
tags: paragraph 2208.09292
title: 2208.09292_PARA_0044
type: text/vnd.tiddlywiki

where \text{\texttt{f{{2208.09292_FO0049||FO}}}} is a phrase that holds for sibling {{2208.09292_FO0050||FO}} and {{2208.09292_FO0051||FO}}^{\prime j}_i{{2208.09292_FO0052||FO}} is the semantic similarity between candidate f and candidate-rephrase \text{\texttt{f{{2208.09292_FO0053||FO}}}}.