created: 20260625095716233
modified: 20260625095716233
page: 000
parent_section: 2208.09292_H6
tags: paragraph 2208.09292
title: 2208.09292_PARA_0039
type: text/vnd.tiddlywiki

\example{With {{2208.09292_FO0028||FO}} = 0.05, \texttt{{{2208.09292_FO0029||FO}}(elephant, is amazing)} is dropped from the candidate set as it holds for 16% ({{2208.09292_FO0030||FO}} 5%) of all the concepts in Ascent.}