created: 20260625095716233
modified: 20260625095716233
page: 000
parent_section: 2208.09292_H7
tags: paragraph 2208.09292
title: 2208.09292_PARA_0054
type: text/vnd.tiddlywiki

\begin{comment}