created: 20260625095716233
modified: 20260625095716233
page: 000
parent_section: 2208.09292_H13
tags: paragraph 2208.09292
title: 2208.09292_PARA_0081
type: text/vnd.tiddlywiki

\end{comment}