created: 20260625095716233
modified: 20260625095716233
page: 000
parent_section: 2208.09292_H5
tags: paragraph 2208.09292
title: 2208.09292_PARA_0031
type: text/vnd.tiddlywiki

where {{2208.09292_FO0010||FO}} is the set of phrases describing sibling concepts (i.e., each phrase holds for at least one sibling), and {{2208.09292_FO0011||FO}} is the set of phrases that hold for the target concept. So, {{2208.09292_FO0012||FO}} contains phrases that are {{2208.09292_FO0013||FO}} {{2208.09292_FO0014||FO}} but {{2208.09292_FO0015||FO}} {{2208.09292_FO0016||FO}}.