citekey: 10.14778/3476311.3476350
created: 20260625095716236
modified: 20260625095716236
tags: citation 2208.09292
text_display: 10.14778/3476311.3476350
title: 2208.09292_10_14778_3476311_3476350
type: text/vnd.tiddlywiki

//Citation placeholder for// `10.14778/3476311.3476350`