citekey: 10.1145/3442442.3452339
created: 20260625095716236
modified: 20260625095716236
tags: citation 2208.09292
text_display: 10.1145/3442442.3452339
title: 2208.09292_10_1145_3442442_3452339
type: text/vnd.tiddlywiki

//Citation placeholder for// `10.1145/3442442.3452339`