created: 20260625095716233
modified: 20260625095716233
page: 000
parent_section: 2208.09292_H6
tags: paragraph 2208.09292
title: 2208.09292_PARA_0034
type: text/vnd.tiddlywiki

\example{Using Sentence-BERT (or SBERT [reimers-2019-sentence-bert]), we measure the similarity (sim) of the candidate and positive phrases: