created: 20260625095716234
modified: 20260625095716234
page: 000
parent_section: 2208.09292_H18
tags: paragraph 2208.09292
title: 2208.09292_PARA_0093
type: text/vnd.tiddlywiki

\begin{acks}