created: 20260625093341705
modified: 20260625093341705
page: 000
parent_section: 2209.07250_H24
tags: paragraph 2209.07250
title: 2209.07250_PARA_0126
type: text/vnd.tiddlywiki

We test the candidate generator for count spans on SpanBERT [joshi2020SpanBERT] finetuned on