created: 20260625093341705
modified: 20260625093341705
page: 000
parent_section: 2209.07250_H14
tags: paragraph 2209.07250
title: 2209.07250_PARA_0098
type: text/vnd.tiddlywiki

In order to test the generalizability of {\mysystem} we present the results on count queries from multiple datasets in addition to CoQuAD: