created: 20260625093341705
modified: 20260625093341705
page: 000
parent_section: 2209.07250_H10
tags: paragraph 2209.07250
title: 2209.07250_PARA_0079
type: text/vnd.tiddlywiki

We have identified three modes how QA systems can answer count queries - via counts, CNPs and instances.