created: 20260625093341705
modified: 20260625093341705
page: 000
parent_section: 2209.07250_H18
tags: paragraph 2209.07250
title: 2209.07250_PARA_0106
type: text/vnd.tiddlywiki

In Table (ref), we analyse how QA systems perform on the answer inference when a query is {KG-answerable},