caption: [0,1]
created: 20260625093341706
displayMode: false
latex: [0,1]
latex_original: [0,1]
modified: 20260625093341706
tags: formula 2209.07250
title: 2209.07250_FO0027
type: text/vnd.tiddlywiki

<$latex text={{!!latex}} displayMode={{!!displayMode}} />