caption: 40
created: 20260625093341706
displayMode: false
latex: 40
latex_original: 40
modified: 20260625093341706
tags: formula 2209.07250
title: 2209.07250_FO0031
type: text/vnd.tiddlywiki

<$latex text={{!!latex}} displayMode={{!!displayMode}} />