created: 20260625093341705
modified: 20260625093341705
page: 000
parent_section: 2209.07250_H7
tags: paragraph 2209.07250
title: 2209.07250_PARA_0062
type: text/vnd.tiddlywiki

We collect the answers from a QA model to create a more precision-oriented candidate space.