caption: 5162
created: 20260625093341706
displayMode: false
latex: 5162
latex_original: 5162
modified: 20260625093341706
tags: formula 2209.07250
title: 2209.07250_FO0030
type: text/vnd.tiddlywiki

<$latex text={{!!latex}} displayMode={{!!displayMode}} />