created: 20260625093341705
modified: 20260625093341705
page: 000
parent_section: 2209.07250_H5
tags: paragraph 2209.07250
title: 2209.07250_PARA_0050
type: text/vnd.tiddlywiki

To consolidate the resulting candidate counts into a prediction {{2209.07250_FO0012||FO}}, we compare four methods: