created: 20260625093341705
modified: 20260625093341705
page: 000
parent_section: 2209.07250_H22
tags: paragraph 2209.07250
title: 2209.07250_PARA_0122
type: text/vnd.tiddlywiki

To further verify the user perception of our enhanced answers, and their extrinsic utility, we performed two user studies.