created: 20260625093341705
modified: 20260625093341705
page: 000
parent_section: 2209.07250_H12
tags: paragraph 2209.07250
title: 2209.07250_PARA_0093
type: text/vnd.tiddlywiki

on the following metrics: