created: 20260625093341705
modified: 20260625093341705
page: 000
parent_section: 2209.07250_H18
tags: paragraph 2209.07250
title: 2209.07250_PARA_0108
type: text/vnd.tiddlywiki

and when a query is not directly answerable. The difficulty in answering the queries increases with each type.