created: 20260625093341705
modified: 20260625093341705
page: 000
parent_section: 2209.07250_H17
tags: paragraph 2209.07250
title: 2209.07250_PARA_0103
type: text/vnd.tiddlywiki

On the LCQuAD dataset, designed specifically for KG queries,