created: 20260625093341705
modified: 20260625093341705
page: 000
parent_section: 2209.07250_H10
tags: paragraph 2209.07250
title: 2209.07250_PARA_0074
type: text/vnd.tiddlywiki

We look into the evaluation data of 322 CoQuAD queries to answer these questions unless specified otherwise.