created: 20260625093341705
modified: 20260625093341705
page: 000
parent_section: 2209.07250_H7
tags: paragraph 2209.07250
title: 2209.07250_PARA_0061
type: text/vnd.tiddlywiki

{{2209.07250_FO0021||FO}} denote the inverted dictionary of instances where {{2209.07250_FO0022||FO}} contains the text IDs and confidence scores of the instance {{2209.07250_FO0023||FO}}.