created: 20260625093341705
modified: 20260625093341705
page: 000
parent_section: 2209.07250_H26
tags: paragraph 2209.07250
title: 2209.07250_PARA_0138
type: text/vnd.tiddlywiki

A weighted optimum is reached at {{2209.07250_FO0048||FO}}, where the accuracy of the Synonyms does not degrade much (79.6%), and the accuracy of Subgroups and Incomparables is both above 60% (61.9% and 71.4% respectively).