created: 20260625093341705
modified: 20260625093341705
page: 000
parent_section: 2209.07250_H8
tags: paragraph 2209.07250
title: 2209.07250_PARA_0065
type: text/vnd.tiddlywiki

! The C\lowercase{o}Q\lowercase{u}AD Dataset