created: 20260625093341705
modified: 20260625093341705
page: 000
parent_section: 2209.07250_H9
tags: paragraph 2209.07250
title: 2209.07250_PARA_0070
type: text/vnd.tiddlywiki

We next scrape the top-50 snippets per query from Bing, and obtain