created: 20260625093341705
modified: 20260625093341705
page: 000
parent_section: 2209.07250_H26
tags: paragraph 2209.07250
title: 2209.07250_PARA_0137
type: text/vnd.tiddlywiki

The number of Incomparable CNPs decreases with increasing {{2209.07250_FO0047||FO}}, which gives a higher accuracy but at the cost of incorrect Synonyms and Subgroups.