created: 20260625093341705
modified: 20260625093341705
page: 000
parent_section: 2209.07250_H13
tags: paragraph 2209.07250
title: 2209.07250_PARA_0095
type: text/vnd.tiddlywiki

We compare our proposed system with two complementary paradigms.