created: 20260625093341706
modified: 20260625093341706
page: 000
parent_section: 2209.07250_H33
tags: paragraph 2209.07250
title: 2209.07250_PARA_0165
type: text/vnd.tiddlywiki

\bibliographystyle{model1-num-names}