created: 20260625093308064
modified: 20260625093308064
page: 000
parent_section: 2210.07763_H7
tags: paragraph 2210.07763
title: 2210.07763_PARA_0067
type: text/vnd.tiddlywiki

where {{2210.07763_FO0015||FO}} and {{2210.07763_FO0016||FO}} are hyperparameters in the range {{2210.07763_FO0017||FO}}, giving us the flexibility to tune for either precision or recall.