citekey: 10.1145/1753846.1753873
created: 20260625093308066
modified: 20260625093308066
tags: citation 2210.07763
text_display: 10.1145/1753846.1753873
title: 2210.07763_10_1145_1753846_1753873
type: text/vnd.tiddlywiki

//Citation placeholder for// `10.1145/1753846.1753873`