created: 20260625093308064
modified: 20260625093308064
page: 000
parent_section: 2210.07763_H10
tags: paragraph 2210.07763
title: 2210.07763_PARA_0084
type: text/vnd.tiddlywiki

For each subject-facet pair, we normalize cluster sizes into the range {{2210.07763_FO0019||FO}}, using min-max normalization.