created: 20260625093308065
modified: 20260625093308065
page: 000
parent_section: 2210.07763_H20
tags: paragraph 2210.07763
title: 2210.07763_PARA_0159
type: text/vnd.tiddlywiki

consider the 500 most populated clusters for each subject-facet pair with a minimum size of 3 sentences.