created: 20260625093308064
modified: 20260625093308064
page: 000
parent_section: 2210.07763_H10
tags: paragraph 2210.07763
title: 2210.07763_PARA_0086
type: text/vnd.tiddlywiki

where {{2210.07763_FO0021||FO}} is the set of all clusters for a given facet (e.g., food) and domain (e.g., geography>country), and