created: 20260625093308065
modified: 20260625093308065
page: 000
parent_section: 2210.07763_H20
tags: paragraph 2210.07763
title: 2210.07763_PARA_0160
type: text/vnd.tiddlywiki

For cluster ranking (cf. Sec. (ref)), we fix {{2210.07763_FO0031||FO}} in Eq. (ref) to 0.8.