created: 20260625093308065
modified: 20260625093308065
page: 000
parent_section: 2210.07763_H15
tags: paragraph 2210.07763
title: 2210.07763_PARA_0136
type: text/vnd.tiddlywiki

The rule of this game is as follows: Given 5 CCSK assertions about a country, a player has to guess the name of the country.