created: 20260625093308064
modified: 20260625093308064
page: 000
parent_section: 2210.07763_H3
tags: paragraph 2210.07763
title: 2210.07763_PARA_0037
type: text/vnd.tiddlywiki

Note that the cultural facets need not be mutually exclusive, e.g., food assertions sometimes overlap with traditions.