created: 20260625093308065
modified: 20260625093308065
page: 000
parent_section: 2210.07763_H15
tags: paragraph 2210.07763
title: 2210.07763_PARA_0141
type: text/vnd.tiddlywiki

This is a game that requires a player that possesses a wide range of knowledge across many cultures. Instead of human players, we choose GPT-3