created: 20260625093308064
modified: 20260625093308064
page: 000
parent_section: 2210.07763_H10
tags: paragraph 2210.07763
title: 2210.07763_PARA_0088
type: text/vnd.tiddlywiki

We compute the specificity of an assertion based on the fraction of nouns in it.