citekey: 10.1145/3437963.3441664
created: 20260625093308066
modified: 20260625093308066
tags: citation 2210.07763
text_display: 10.1145/3437963.3441664
title: 2210.07763_10_1145_3437963_3441664
type: text/vnd.tiddlywiki

//Citation placeholder for// `10.1145/3437963.3441664`