created: 20260625093324945
modified: 20260625093324945
page: 000
parent_section: 2210.04530_H7
tags: paragraph 2210.04530
title: 2210.04530_PARA_0029
type: text/vnd.tiddlywiki

The following are notable limitations of our study, as well as of our approach.