created: 20260625093308065
modified: 20260625093308065
page: 000
parent_section: 2210.07763_H25
tags: paragraph 2210.07763
title: 2210.07763_PARA_0174
type: text/vnd.tiddlywiki

We use the davinci-002 model, with temperature=0 and a max\_length=8.