created: 20260625093308065
modified: 20260625093308065
page: 000
parent_section: 2210.07763_H10
tags: paragraph 2210.07763
title: 2210.07763_PARA_0092
type: text/vnd.tiddlywiki

score for cluster {{2210.07763_FO0028||FO}} is the average of the 4 feature scores. A higher score means higher interestingness.