created: 20260625093308065
modified: 20260625093308065
page: 000
parent_section: 2210.07763_H15
tags: paragraph 2210.07763
title: 2210.07763_PARA_0143
type: text/vnd.tiddlywiki

which has been shown to be excellent at many QA tasks [GPT3] (prompt settings are presented in Appx. (ref)).