caption: [0,1]
created: 20260625093308066
displayMode: false
latex: [0,1]
latex_original: [0,1]
modified: 20260625093308066
tags: formula 2210.07763
title: 2210.07763_FO0019
type: text/vnd.tiddlywiki

<$latex text={{!!latex}} displayMode={{!!displayMode}} />