created: 20260625093324945
modified: 20260625093324945
page: 000
parent_section: 2210.04530_H3
tags: paragraph 2210.04530
title: 2210.04530_PARA_0008
type: text/vnd.tiddlywiki

We investigate three children text corpora: