created: 20260625093308065
modified: 20260625093308065
page: 000
parent_section: 2210.07763_H20
tags: paragraph 2210.07763
title: 2210.07763_PARA_0158
type: text/vnd.tiddlywiki

we