created: 20260625093308065
modified: 20260625093308065
page: 000
parent_section: 2210.07763_H20
tags: paragraph 2210.07763
title: 2210.07763_PARA_0155
type: text/vnd.tiddlywiki

For cultural facet classification (cf. Sec. (ref) and Eq. (ref)), we fix {{2210.07763_FO0029||FO}} to 0.5 and {{2210.07763_FO0030||FO}} to 0.3.