created: 20260625093308064
modified: 20260625093308064
page: 000
parent_section: 2210.07763_H8
tags: paragraph 2210.07763
title: 2210.07763_PARA_0077
type: text/vnd.tiddlywiki

In \systemname{}, we therefore approach cluster summarization as a generative task, based on a state-of-the-art