created: 20260625093308064
modified: 20260625093308064
page: 000
parent_section: 2210.07763_H3
tags: paragraph 2210.07763
title: 2210.07763_PARA_0044
type: text/vnd.tiddlywiki

about facet {{2210.07763_FO0004||FO}} of subject {{2210.07763_FO0005||FO}}.