created: 20260625093308064
modified: 20260625093308064
page: 000
parent_section: 2210.07763_H10
tags: paragraph 2210.07763
title: 2210.07763_PARA_0089
type: text/vnd.tiddlywiki

Concretely, in \systemname{}, the specificity of a cluster is computed as the specificity of its summary sentence.