created: 20260625093308065
modified: 20260625093308065
page: 000
parent_section: 2210.07763_H15
tags: paragraph 2210.07763
title: 2210.07763_PARA_0140
type: text/vnd.tiddlywiki

are replaced with [...], before being revealed to the player.