created: 20260625093308064
modified: 20260625093308064
page: 000
parent_section: 2210.07763_H10
tags: paragraph 2210.07763
title: 2210.07763_PARA_0085
type: text/vnd.tiddlywiki

We compute the IDF of a cluster {{2210.07763_FO0020||FO}} as follows: