created: 20260625093308064
modified: 20260625093308064
page: 000
parent_section: 2210.07763_H2
tags: paragraph 2210.07763
title: 2210.07763_PARA_0025
type: text/vnd.tiddlywiki

There is a long tradition of CSK acquisition in AI (e.g., [lenat1995cyc,singh2002open,liu2004conceptnet,DBLP:conf/aaai/GordonDS10,10.1145/3437963.3441664]).