created: 20260625093308065
modified: 20260625093308065
page: 000
parent_section: 2210.07763_H13
tags: paragraph 2210.07763
title: 2210.07763_PARA_0110
type: text/vnd.tiddlywiki

For StereoKG, we use their natural-language assertions. For Quasimodo and Acharya et al., we verbalize their triples using crafted rules.