created: 20260625093308064
modified: 20260625093308064
page: 000
parent_section: 2210.07763_H7
tags: paragraph 2210.07763
title: 2210.07763_PARA_0063
type: text/vnd.tiddlywiki

Given a sentence {{2210.07763_FO0006||FO}} and a facet {{2210.07763_FO0007||FO}}, we construct the NLI test as follows: