created: 20260625093308065
modified: 20260625093308065
page: 000
parent_section: 2210.07763_H25
tags: paragraph 2210.07763
title: 2210.07763_PARA_0175
type: text/vnd.tiddlywiki

Answers given by GPT-3 are checked manually for their correctness. Example prompts can be seen in Fig. (ref).