created: 20260625093308064
modified: 20260625093308064
page: 000
parent_section: 2210.07763_H8
tags: paragraph 2210.07763
title: 2210.07763_PARA_0072
type: text/vnd.tiddlywiki

Since each cluster can have from a few to hundreds of sentences, it is important to identify what those sentences convey, in a concise way.