created: 20260625093308064
modified: 20260625093308064
page: 000
parent_section: 2210.07763_H7
tags: paragraph 2210.07763
title: 2210.07763_PARA_0058
type: text/vnd.tiddlywiki

Traditional methods for this classification task would require a substantial amount of annotated data to train a supervised model.