citekey: 2019t5
created: 20260625093324946
modified: 20260625093324946
tags: citation 2210.04530
text_display: 2019t5
title: 2210.04530_2019t5
type: text/vnd.tiddlywiki

//Citation placeholder for// `2019t5`