created: 20260625093308065
modified: 20260625093308065
page: 000
parent_section: 2210.07763_H18
tags: paragraph 2210.07763
title: 2210.07763_PARA_0151
type: text/vnd.tiddlywiki

We provide an overview of techniques and models applied in each module of the \systemname{} system in Table (ref).