citekey: 10.5555/106765.106782
created: 20260625093308066
modified: 20260625093308066
tags: citation 2210.07763
text_display: 10.5555/106765.106782
title: 2210.07763_10_5555_106765_106782
type: text/vnd.tiddlywiki

//Citation placeholder for// `10.5555/106765.106782`