created: 20260625093308064
modified: 20260625093308064
page: 000
parent_section: 2210.07763_H3
tags: paragraph 2210.07763
title: 2210.07763_PARA_0049
type: text/vnd.tiddlywiki

Several examples of CCSK assertions produced by \systemname{} are shown in Fig. (ref).