created: 20260625093308064
modified: 20260625093308064
page: 000
parent_section: 2210.07763_H2
tags: paragraph 2210.07763
title: 2210.07763_PARA_0033
type: text/vnd.tiddlywiki

distinctive CCSK assertions than querying GPT-3 with