created: 20260625093308065
modified: 20260625093308065
page: 000
parent_section: 2210.07763_H14
tags: paragraph 2210.07763
title: 2210.07763_PARA_0124
type: text/vnd.tiddlywiki

We query the largest GPT-3 model (davinci-002) with the following prompt template: