created: 20260625093308064
modified: 20260625093308064
page: 000
parent_section: 2210.07763_H7
tags: paragraph 2210.07763
title: 2210.07763_PARA_0066
type: text/vnd.tiddlywiki

A sentence {{2210.07763_FO0013||FO}} will be accepted as a good candidate for facet {{2210.07763_FO0014||FO}} if