created: 20260625093308064
modified: 20260625093308064
page: 000
parent_section: 2210.07763_H7
tags: paragraph 2210.07763
title: 2210.07763_PARA_0057
type: text/vnd.tiddlywiki

To organize CCSK and filter out irrelevant assertions, we classify candidate sentences into several facets of culture.