created: 20260625093324945
modified: 20260625093324945
page: 000
parent_section: 2210.04530_H3
tags: paragraph 2210.04530
title: 2210.04530_PARA_0007
type: text/vnd.tiddlywiki

It generally ranges between 0 and 100, with 0-30 being considered difficult to read, 60-70 assumed standard, and above 80 easy.