created: 20260625093308065
modified: 20260625093308065
page: 000
parent_section: 2210.07763_H23
tags: paragraph 2210.07763
title: 2210.07763_PARA_0166
type: text/vnd.tiddlywiki

is greater than zero, the other metrics will be evaluated. We present the evaluation results in Table (ref).