caption: 0.21
created: 20260625093242023
displayMode: false
latex: 0.21
latex_original: 0.21
modified: 20260625093242023
tags: formula 2303.11082
title: 2303.11082_FO0019
type: text/vnd.tiddlywiki

<$latex text={{!!latex}} displayMode={{!!displayMode}} />