created: 20260625093242023
modified: 20260625093242023
page: 000
parent_section: 2303.11082_H17
tags: paragraph 2303.11082
title: 2303.11082_PARA_0059
type: text/vnd.tiddlywiki

Moreover, we showed that LMs build surprisingly strong generalization capabilities for specific socio-demographic relations.