caption: 90\%
created: 20260625093242024
displayMode: false
latex: 90\%
latex_original: 90\%
modified: 20260625093242024
tags: formula 2303.11082
title: 2303.11082_FO0047
type: text/vnd.tiddlywiki

<$latex text={{!!latex}} displayMode={{!!displayMode}} />