created: 20260625093242023
modified: 20260625093242023
page: 000
parent_section: 2303.11082_H9
tags: paragraph 2303.11082
title: 2303.11082_PARA_0024
type: text/vnd.tiddlywiki

!! \ourdataset{}