caption: 5,550,689
created: 20260625093242024
displayMode: false
latex: 5,550,689
latex_original: 5,550,689
modified: 20260625093242024
tags: formula 2303.11082
title: 2303.11082_FO0043
type: text/vnd.tiddlywiki

<$latex text={{!!latex}} displayMode={{!!displayMode}} />