caption: 82\%
created: 20260625093242024
displayMode: false
latex: 82\%
latex_original: 82\%
modified: 20260625093242024
tags: formula 2303.11082
title: 2303.11082_FO0045
type: text/vnd.tiddlywiki

<$latex text={{!!latex}} displayMode={{!!displayMode}} />