caption: 0.15
created: 20260625093242023
displayMode: false
latex: 0.15
latex_original: 0.15
modified: 20260625093242023
tags: formula 2303.11082
title: 2303.11082_FO0021
type: text/vnd.tiddlywiki

<$latex text={{!!latex}} displayMode={{!!displayMode}} />