caption: 10,000
created: 20260625093242024
displayMode: false
latex: 10,000
latex_original: 10,000
modified: 20260625093242024
tags: formula 2303.11082
title: 2303.11082_FO0036
type: text/vnd.tiddlywiki

<$latex text={{!!latex}} displayMode={{!!displayMode}} />