caption: 94\%
created: 20260625093242024
displayMode: false
latex: 94\%
latex_original: 94\%
modified: 20260625093242024
tags: formula 2303.11082
title: 2303.11082_FO0042
type: text/vnd.tiddlywiki

<$latex text={{!!latex}} displayMode={{!!displayMode}} />