created: 20260625093242023
modified: 20260625093242023
page: 000
parent_section: 2303.11082_H1
tags: paragraph 2303.11082
title: 2303.11082_PARA_0010
type: text/vnd.tiddlywiki

Our main results are as follows: