caption: (80-20)
created: 20260625093242023
displayMode: false
latex: (80-20)
latex_original: (80-20)
modified: 20260625093242023
tags: formula 2303.11082
title: 2303.11082_FO0016
type: text/vnd.tiddlywiki

<$latex text={{!!latex}} displayMode={{!!displayMode}} />