created: 20260625093242023
modified: 20260625093242023
page: 000
parent_section: 2303.11082_H16
tags: paragraph 2303.11082
title: 2303.11082_PARA_0052
type: text/vnd.tiddlywiki

Or given a fact such as the original language of the movie ``Il mio paese``, the model predicts ``Italian`` correctly.