created: 20260625093242023
modified: 20260625093242023
page: 000
parent_section: 2303.11082_H13
tags: paragraph 2303.11082
title: 2303.11082_PARA_0033
type: text/vnd.tiddlywiki

\vspace{-6mm}