caption: 2000
created: 20260625093242023
displayMode: false
latex: 2000
latex_original: 2000
modified: 20260625093242023
tags: formula 2303.11082
title: 2303.11082_FO0023
type: text/vnd.tiddlywiki

<$latex text={{!!latex}} displayMode={{!!displayMode}} />