created: 20260625093242023
modified: 20260625093242023
page: 000
parent_section: 2303.11082_H16
tags: paragraph 2303.11082
title: 2303.11082_PARA_0050
type: text/vnd.tiddlywiki

Yet, the LM achieves comparable results on most relations despite their more implicit or explicit factual basis.