caption: 100,000
created: 20260625093242023
displayMode: false
latex: 100,000
latex_original: 100,000
modified: 20260625093242023
tags: formula 2303.11082
title: 2303.11082_FO0008
type: text/vnd.tiddlywiki

<$latex text={{!!latex}} displayMode={{!!displayMode}} />