created: 20260625093231915
modified: 20260625093231915
page: 000
parent_section: 2305.05403_H28
tags: paragraph 2305.05403
title: 2305.05403_PARA_0248
type: text/vnd.tiddlywiki

User: According to Wikidata, Albert Einstein has published 75 scholarly articles. Are these truly all?\\