created: 20260625093231915
modified: 20260625093231915
page: 000
parent_section: 2305.05403_H19
tags: paragraph 2305.05403
title: 2305.05403_PARA_0186
type: text/vnd.tiddlywiki

and (iii) checking for synonyms (to exclude simple rephrasing of the same statement).