created: 20260625093231914
modified: 20260625093231914
page: 000
parent_section: 2305.05403_H16
tags: paragraph 2305.05403
title: 2305.05403_PARA_0156
type: text/vnd.tiddlywiki

a few of them allow implicit or explicit negative information: