created: 20260625093231914
modified: 20260625093231914
page: 000
parent_section: 2305.05403_H9
tags: paragraph 2305.05403
title: 2305.05403_PARA_0078
type: text/vnd.tiddlywiki

and \mfact{s}{p}{o}{{2305.05403_FO0087||FO}}.}