created: 20260625093206653
modified: 20260625093206653
page: 000
parent_section: 2305.16755_H2
tags: paragraph 2305.16755
title: 2305.16755_PARA_0023
type: text/vnd.tiddlywiki

In Section (ref), we experiment with different number of samples and different salient:nonsalient ratio (see Appendix (ref)).