created: 20260625093231914
modified: 20260625093231914
page: 000
parent_section: 2305.05403_H14
tags: paragraph 2305.05403
title: 2305.05403_PARA_0145
type: text/vnd.tiddlywiki

where given a subject {{2305.05403_FO0123||FO}} and (an enumerating) a counting predicate {{2305.05403_FO0124||FO}} the system