created: 20260625093231914
modified: 20260625093231914
page: 000
parent_section: 2305.05403_H12
tags: paragraph 2305.05403
title: 2305.05403_PARA_0099
type: text/vnd.tiddlywiki

\problem{Cardinality Detection Problem}{A knowledge base {{2305.05403_FO0102||FO}}}{Determine the counting predicates {{2305.05403_FO0103||FO}} and the enumerating predicates {{2305.05403_FO0104||FO}}. Also determine which {{2305.05403_FO0105||FO}} corresponds to which {{2305.05403_FO0106||FO}}.}