created: 20260625093231913
modified: 20260625093231913
page: 000
parent_section: 2305.05403_H4
tags: paragraph 2305.05403
title: 2305.05403_PARA_0028
type: text/vnd.tiddlywiki

We can now proceed to define major concepts for our survey.