created: 20260625093231915
modified: 20260625093231915
page: 000
parent_section: 2305.05403_H19
tags: paragraph 2305.05403
title: 2305.05403_PARA_0183
type: text/vnd.tiddlywiki

[karagiannis2019mining] is a work that exploits the edit history of collaborative encyclopedias such as Wikipedia as a rich source of implicit negations.