created: 20260625093231914
modified: 20260625093231914
page: 000
parent_section: 2305.05403_H8
tags: paragraph 2305.05403
title: 2305.05403_PARA_0061
type: text/vnd.tiddlywiki

from the domain of interest are missing. We can formalize this problem as follows: