created: 20260625093231914
modified: 20260625093231914
page: 000
parent_section: 2305.05403_H6
tags: paragraph 2305.05403
title: 2305.05403_PARA_0049
type: text/vnd.tiddlywiki

are inspired by number restrictions from Description Logics [HollunderBaader-KR-91]. They take the following form: