created: 20260625093231914
modified: 20260625093231914
page: 000
parent_section: 2305.05403_H13
tags: paragraph 2305.05403
title: 2305.05403_PARA_0121
type: text/vnd.tiddlywiki

\problem{Counting Quantifier Extraction Problem}{A subject {{2305.05403_FO0112||FO}}, a text about {{2305.05403_FO0113||FO}} and a predicate {{2305.05403_FO0114||FO}}}{Determine the number of objects with which {{2305.05403_FO0115||FO}} stands in predicate {{2305.05403_FO0116||FO}} from the text.}