created: 20260625093231914
modified: 20260625093231914
page: 000
parent_section: 2305.05403_H13
tags: paragraph 2305.05403
title: 2305.05403_PARA_0127
type: text/vnd.tiddlywiki

It extracts standardized quantity statements of the form {{2305.05403_FO0117||FO}}. This approach works well, and can in principle be applied to cardinality assertions.