created: 20260625093231913
modified: 20260625093231913
page: 000
parent_section: 2305.05403_H1
tags: paragraph 2305.05403
title: 2305.05403_PARA_0008
type: text/vnd.tiddlywiki

Such uncertainty about the extent of knowledge poses major challenges for the curation and application of KBs: