created: 20260625093231915
modified: 20260625093231915
page: 000
parent_section: 2305.05403_H16
tags: paragraph 2305.05403
title: 2305.05403_PARA_0159
type: text/vnd.tiddlywiki

\problem{Salient Negations Problem}{A subject {{2305.05403_FO0128||FO}} in a web-scale incomplete KB }{Identify accurate and salient negative statements about {{2305.05403_FO0129||FO}}.}