created: 20260625093231914
modified: 20260625093231914
page: 000
parent_section: 2305.05403_H9
tags: paragraph 2305.05403
title: 2305.05403_PARA_0076
type: text/vnd.tiddlywiki

After having discussed the recall of entities, let us now turn to the completeness of statements. More precisely: