caption: 100\times log_{10}(1+d^{-1})
created: 20260625093231916
displayMode: false
latex: 100\times log_{10}(1+d^{-1})
latex_original: 100\times log_{10}(1+d^{-1})
modified: 20260625093231916
tags: formula 2305.05403
title: 2305.05403_FO0081
type: text/vnd.tiddlywiki

<$latex text={{!!latex}} displayMode={{!!displayMode}} />