created: 20260625093231914
modified: 20260625093231914
page: 000
parent_section: 2305.05403_H8
tags: paragraph 2305.05403
title: 2305.05403_PARA_0062
type: text/vnd.tiddlywiki

\problem{Missing Entities Problem}{A class {{2305.05403_FO0060||FO}} with some instances}{Determine how many instances of {{2305.05403_FO0061||FO}} are missing compared to {{2305.05403_FO0062||FO}}