created: 20260625093231913
modified: 20260625093231913
page: 000
parent_section: 2305.05403_H3
tags: paragraph 2305.05403
title: 2305.05403_PARA_0014
type: text/vnd.tiddlywiki

[baader2003description].