created: 20260625093231915
modified: 20260625093231915
page: 000
parent_section: 2305.05403_H22
tags: paragraph 2305.05403
title: 2305.05403_PARA_0196
type: text/vnd.tiddlywiki

\problem{Relative Entity Recall Problem}{An entity {{2305.05403_FO0144||FO}}, and a KB {{2305.05403_FO0145||FO}}}{Determine the recall of {{2305.05403_FO0146||FO}} for statements about {{2305.05403_FO0147||FO}}, relative to related entities in {{2305.05403_FO0148||FO}}.}