created: 20260625093231914
modified: 20260625093231914
page: 000
parent_section: 2305.05403_H9
tags: paragraph 2305.05403
title: 2305.05403_PARA_0077
type: text/vnd.tiddlywiki

\problem{Missing Object Problem}{A knowledge base {{2305.05403_FO0082||FO}}, a subject {{2305.05403_FO0083||FO}}, and a predicate {{2305.05403_FO0084||FO}}}{Determine if there is {{2305.05403_FO0085||FO}} with \mfact{s}{p}{o}{{2305.05403_FO0086||FO}}