created: 20260625093231914
modified: 20260625093231914
page: 000
parent_section: 2305.05403_H13
tags: paragraph 2305.05403
title: 2305.05403_PARA_0124
type: text/vnd.tiddlywiki

Several approaches can be used to overcome these challenges.