created: 20260625093206654
modified: 20260625093206654
page: 000
parent_section: 2305.16755_H9
tags: paragraph 2305.16755
title: 2305.16755_PARA_0053
type: text/vnd.tiddlywiki

The following tables show the top results about linkedin, chef, and angela merkel, respectively: