caption: 17
created: 20260625093231916
displayMode: false
latex: 17
latex_original: 17
modified: 20260625093231916
tags: formula 2305.05403
title: 2305.05403_FO0069
type: text/vnd.tiddlywiki

<$latex text={{!!latex}} displayMode={{!!displayMode}} />