created: 20260625093231915
modified: 20260625093231915
page: 000
parent_section: 2305.05403_H28
tags: paragraph 2305.05403
title: 2305.05403_PARA_0247
type: text/vnd.tiddlywiki

chatGPT: Yes, according to publicly available information, Barack Obama has two daughters [..].\\