created: 20260625093156716
modified: 20260625093156716
page: 000
parent_section: 2306.17472_H1
tags: paragraph 2306.17472
title: 2306.17472_PARA_0014
type: text/vnd.tiddlywiki

\item a new dataset, called MALT, to benchmark methods with long-tail entities;