created: 20260625093156716
modified: 20260625093156716
page: 000
parent_section: 2306.17472_H5
tags: paragraph 2306.17472
title: 2306.17472_PARA_0041
type: text/vnd.tiddlywiki

showing the great potential towards closing these gaps.