created: 20260625093156716
modified: 20260625093156716
page: 000
parent_section: 2306.17472_H8
tags: paragraph 2306.17472
title: 2306.17472_PARA_0045
type: text/vnd.tiddlywiki

This work was partially funded by ANR-20-CHIA-0012-01 (“NoRDF”). We thank Fabian M. Suchanek and Gaël Varoquaux for their helpful feedback.