created: 20260625093145739
modified: 20260625093145739
page: 000
parent_section: 2307.03122_H4
tags: paragraph 2307.03122
title: 2307.03122_PARA_0012
type: text/vnd.tiddlywiki

\setlength{\tabcolsep}{1.5pt}