caption: 500
created: 20260625093145739
displayMode: false
latex: 500
latex_original: 500
modified: 20260625093145739
tags: formula 2307.03122
title: 2307.03122_FO0015
type: text/vnd.tiddlywiki

<$latex text={{!!latex}} displayMode={{!!displayMode}} />