citekey: 10.1007/978-3-319-25007-6_28
created: 20260625093119695
modified: 20260625093119695
tags: citation 2308.06374
text_display: 10.1007/978-3-319-25007-6_28
title: 2308.06374_10_1007_978-3-319-25007-6_28
type: text/vnd.tiddlywiki

//Citation placeholder for// `10.1007/978-3-319-25007-6_28`