citekey: 10.1162/tacl_a_00456
created: 20260625093119695
modified: 20260625093119695
tags: citation 2308.06374
text_display: 10.1162/tacl_a_00456
title: 2308.06374_10_1162_tacl_a_00456
type: text/vnd.tiddlywiki

//Citation placeholder for// `10.1162/tacl_a_00456`