created: 20260625093119694
modified: 20260625093119694
page: 000
parent_section: 2308.06374_H8
tags: paragraph 2308.06374
title: 2308.06374_PARA_0100
type: text/vnd.tiddlywiki

Retrieval augmentation is a very promising direction. There are a few pressing challenges: