citekey: 2021Papadakis
created: 20260625093119695
modified: 20260625093119695
tags: citation 2308.06374
text_display: 2021Papadakis
title: 2308.06374_2021Papadakis
type: text/vnd.tiddlywiki

//Citation placeholder for// `2021Papadakis`