created: 20260625093119694
modified: 20260625093119694
page: 000
parent_section: 2308.06374_H6
tags: paragraph 2308.06374
title: 2308.06374_PARA_0065
type: text/vnd.tiddlywiki

Challenges and Opportunities: