created: 20260625093119694
modified: 20260625093119694
page: 000
parent_section: 2308.06374_H6
tags: paragraph 2308.06374
title: 2308.06374_PARA_0044
type: text/vnd.tiddlywiki

For example, KG-BERT [yao2019kgbert] represents a triple as