citekey: 10.1145/3491102.3502087
created: 20260625093119696
modified: 20260625093119696
tags: citation 2308.06374
text_display: 10.1145/3491102.3502087
title: 2308.06374_10_1145_3491102_3502087
type: text/vnd.tiddlywiki

//Citation placeholder for// `10.1145/3491102.3502087`