created: 20260625093105364
modified: 20260625093105364
page: 000
parent_section: 2310.14771_H5
tags: paragraph 2310.14771
title: 2310.14771_PARA_0034
type: text/vnd.tiddlywiki

We also find that, in the high-precision bracket, GPT-3 distills web content to a degree that context augmentation does not easily help.