created: 20260625093105364
modified: 20260625093105364
page: 000
parent_section: 2310.14771_H1
tags: paragraph 2310.14771
title: 2310.14771_PARA_0007
type: text/vnd.tiddlywiki

and (ii) by a manual evaluation of subject-relation pairs without object values.