created: 20260625093105364
modified: 20260625093105364
page: 000
parent_section: 2310.14771_H2
tags: paragraph 2310.14771
title: 2310.14771_PARA_0011
type: text/vnd.tiddlywiki

and industrial players likely use to a considerable degree human editing and verification [weikum-machine-knowledge].