created: 20260625093105364
modified: 20260625093105364
page: 000
parent_section: 2310.14771_H3
tags: paragraph 2310.14771
title: 2310.14771_PARA_0020
type: text/vnd.tiddlywiki

To query the GPT models, we utilize instruction-free prompts