created: 20260625093057255
modified: 20260625093057255
page: 000
parent_section: 2311.01314_H1
tags: paragraph 2311.01314
title: 2311.01314_PARA_0010
type: text/vnd.tiddlywiki

In settings where interaction data is sparse, content-based methods are the only option, and this is the focus of this work.