created: 20260625093057255
modified: 20260625093057255
page: 000
parent_section: 2311.01314_H1
tags: paragraph 2311.01314
title: 2311.01314_PARA_0018
type: text/vnd.tiddlywiki

Our choice for the encoder is BERT; alternatives such as T5, GPT or Llama can be easily plugged in.