citekey: 10.1145/3018661.3018665
created: 20260625093057257
modified: 20260625093057257
tags: citation 2311.01314
text_display: 10.1145/3018661.3018665
title: 2311.01314_10_1145_3018661_3018665
type: text/vnd.tiddlywiki

//Citation placeholder for// `10.1145/3018661.3018665`