created: 20260625093057256
modified: 20260625093057256
page: 000
parent_section: 2311.01314_H7
tags: paragraph 2311.01314
title: 2311.01314_PARA_0052
type: text/vnd.tiddlywiki

\vspace{-0.2cm}