created: 20260625093057255
modified: 20260625093057255
page: 000
parent_section: 2311.01314_H6
tags: paragraph 2311.01314
title: 2311.01314_PARA_0047
type: text/vnd.tiddlywiki

\vspace{-0.2cm}