created: 20260625093047341
modified: 20260625093047341
page: 000
parent_section: 2405.02732_H19
tags: paragraph 2405.02732
title: 2405.02732_PARA_0096
type: text/vnd.tiddlywiki

We observed a variety of typical error cases, and discuss three of the most notable ones.