created: 20260625093047341
modified: 20260625093047341
page: 000
parent_section: 2405.02732_H10
tags: paragraph 2405.02732
title: 2405.02732_PARA_0046
type: text/vnd.tiddlywiki

We devise several classifiers to scrutinize O values.