created: 20260625093047341
modified: 20260625093047341
page: 000
parent_section: 2405.02732_H10
tags: paragraph 2405.02732
title: 2405.02732_PARA_0047
type: text/vnd.tiddlywiki

As a baseline without support passages, the O candidates for a given SP are ranked using {{2405.02732_FO0027||FO}}. We accept those that fall within the {{2405.02732_FO0028||FO}} quantile (e.g., {{2405.02732_FO0029||FO}}) of the cumulative score distribution.