created: 20260625093047341
modified: 20260625093047341
page: 000
parent_section: 2405.02732_H6
tags: paragraph 2405.02732
title: 2405.02732_PARA_0035
type: text/vnd.tiddlywiki

\item {\bf Passage Similarity (sim):} passages whose textual embeddings have a high cosine similarity.