created: 20260625093027647
modified: 20260625093027647
page: 000
parent_section: 2411.04920_H11
tags: paragraph 2411.04920
title: 2411.04920_PARA_0069
type: text/vnd.tiddlywiki

We observe a high complementarity to existing resources, with 63%