citekey: 10.1016/j.eswa.2018.07.017
created: 20260625093007938
modified: 20260625093007938
tags: citation 2411.12449
text_display: 10.1016/j.eswa.2018.07.017
title: 2411.12449_10_1016_j_eswa_2018_07_017
type: text/vnd.tiddlywiki

//Citation placeholder for// `10.1016/j.eswa.2018.07.017`