created: 20260625093027647
modified: 20260625093027647
page: 000
parent_section: 2411.04920_H5
tags: paragraph 2411.04920
title: 2411.04920_PARA_0030
type: text/vnd.tiddlywiki

We propose Algorithm (ref), which is based on the LLM itself, to build a complete taxonomy that incorporates given classes.