citekey: 10.1145/2187836.2187916
created: 20260625093007938
modified: 20260625093007938
tags: citation 2411.12449
text_display: 10.1145/2187836.2187916
title: 2411.12449_10_1145_2187836_2187916
type: text/vnd.tiddlywiki

//Citation placeholder for// `10.1145/2187836.2187916`