created: 20260625093027647
modified: 20260625093027647
page: 000
parent_section: 2411.04920_H5
tags: paragraph 2411.04920
title: 2411.04920_PARA_0038
type: text/vnd.tiddlywiki

We focus on entities that are instances of the most interesting class, humans. We choose to block entities by birth dates.