created: 20260625093027647
modified: 20260625093027647
page: 000
parent_section: 2411.04920_H16
tags: paragraph 2411.04920
title: 2411.04920_PARA_0084
type: text/vnd.tiddlywiki

We thank Markus Krötzsch and Gerhard Weikum for comments on this work, and Moritz Müller for help with the website.