citekey: 10.1145/1571941.1571989
created: 20260625093007938
modified: 20260625093007938
tags: citation 2411.12449
text_display: 10.1145/1571941.1571989
title: 2411.12449_10_1145_1571941_1571989
type: text/vnd.tiddlywiki

//Citation placeholder for// `10.1145/1571941.1571989`