created: 20260625093027647
modified: 20260625093027647
page: 000
parent_section: 2411.04920_H6
tags: paragraph 2411.04920
title: 2411.04920_PARA_0049
type: text/vnd.tiddlywiki

Figure (ref).