created: 20260625093007936
modified: 20260625093007936
page: 000
parent_section: 2411.12449_H10
tags: paragraph 2411.12449
title: 2411.12449_PARA_0076
type: text/vnd.tiddlywiki

\appendix