citekey: 10.1145/3459637.3482416
created: 20260625093007938
modified: 20260625093007938
tags: citation 2411.12449
text_display: 10.1145/3459637.3482416
title: 2411.12449_10_1145_3459637_3482416
type: text/vnd.tiddlywiki

//Citation placeholder for// `10.1145/3459637.3482416`