created: 20260625093027647
modified: 20260625093027647
page: 000
parent_section: 2411.04920_H5
tags: paragraph 2411.04920
title: 2411.04920_PARA_0021
type: text/vnd.tiddlywiki

threshold varies with the frequency of the relation, leading to a more aggressive removal of relations