created: 20260625093027647
modified: 20260625093027647
page: 000
parent_section: 2411.04920_H8
tags: paragraph 2411.04920
title: 2411.04920_PARA_0053
type: text/vnd.tiddlywiki

[yago], we evaluate precision within the context of web-retrievable information. Figure (ref) summarizes our findings.