citekey: 10.1145/2488388.2488484
created: 20260625093007938
modified: 20260625093007938
tags: citation 2411.12449
text_display: 10.1145/2488388.2488484
title: 2411.12449_10_1145_2488388_2488484
type: text/vnd.tiddlywiki

//Citation placeholder for// `10.1145/2488388.2488484`