created: 20260625092952539
modified: 20260625092952539
page: 000
parent_section: 2501.06699_H1
tags: paragraph 2501.06699
title: 2501.06699_PARA_0019
type: text/vnd.tiddlywiki

These scenarios, and many other observations discussed in the literature, highlight several fundamental limitations of LLMs: