created: 20260625092952539
modified: 20260625092952539
page: 000
parent_section: 2501.06699_H13
tags: paragraph 2501.06699
title: 2501.06699_PARA_0090
type: text/vnd.tiddlywiki

\newcommand{\dtype}[2]{