created: 20260625092952539
modified: 20260625092952539
page: 000
parent_section: 2501.06699_H3
tags: paragraph 2501.06699
title: 2501.06699_PARA_0042
type: text/vnd.tiddlywiki

\para{Facts} Users seek objective, verifiable information that may be satisfied by a simple answer: a name, number, list, table, etc.