created: 20260625092952539
modified: 20260625092952539
page: 000
parent_section: 2501.06699_H10
tags: paragraph 2501.06699
title: 2501.06699_PARA_0077
type: text/vnd.tiddlywiki

This section provides background on the three core technologies of Large Language Models, Search Engines and Knowledge Graphs.