created: 20260625092952539
modified: 20260625092952539
page: 000
parent_section: 2501.06699_H8
tags: paragraph 2501.06699
title: 2501.06699_PARA_0064
type: text/vnd.tiddlywiki

To combine all three technologies, we envision research following a natural progression through four phases.